"GPP" "LE" "H"
"1" NA NA NA
"2" NA NA NA
"3" NA NA NA
"4" NA NA NA
"5" NA NA NA
"6" NA NA NA
"7" NA NA NA
"8" NA NA NA
"9" NA NA NA
"10" NA NA NA
"11" NA NA NA
"12" NA NA NA
"13" NA NA NA
"14" NA NA NA
"15" NA NA NA
"16" NA NA NA
"17" NA NA NA
"18" NA NA NA
"19" NA NA NA
"20" NA NA NA
"21" NA NA NA
"22" NA NA NA
"23" NA NA NA
"24" NA NA NA
"25" NA NA NA
"26" NA NA NA
"27" NA NA NA
"28" NA NA NA
"29" NA NA NA
"30" NA NA NA
"31" NA NA NA
"32" NA NA NA
"33" NA NA NA
"34" NA NA NA
"35" NA NA NA
"36" NA NA NA
"37" NA NA NA
"38" NA NA NA
"39" NA NA NA
"40" NA NA NA
"41" NA NA NA
"42" NA NA NA
"43" NA NA NA
"44" NA NA NA
"45" NA NA NA
"46" NA NA NA
"47" NA NA NA
"48" NA NA NA
"49" NA NA NA
"50" NA NA NA
"51" NA NA NA
"52" NA NA NA
"53" NA NA NA
"54" NA NA NA
"55" NA NA NA
"56" NA NA NA
"57" NA NA NA
"58" NA NA NA
"59" NA NA NA
"60" NA NA NA
"61" NA NA NA
"62" NA NA NA
"63" NA NA NA
"64" NA NA NA
"65" NA NA NA
"66" NA NA NA
"67" NA NA NA
"68" NA NA NA
"69" NA NA NA
"70" NA NA NA
"71" NA NA NA
"72" NA NA NA
"73" NA NA NA
"74" NA NA NA
"75" NA NA NA
"76" NA NA NA
"77" NA NA NA
"78" NA NA NA
"79" NA NA NA
"80" NA NA NA
"81" NA NA NA
"82" NA NA NA
"83" NA NA NA
"84" NA NA NA
"85" NA NA NA
"86" NA NA NA
"87" NA NA NA
"88" NA NA NA
"89" NA NA NA
"90" NA NA NA
"91" NA NA NA
"92" NA NA NA
"93" NA NA NA
"94" NA NA NA
"95" NA NA NA
"96" NA NA NA
"97" NA NA NA
"98" NA NA NA
"99" NA NA NA
"100" NA NA NA
"101" NA NA NA
"102" NA NA NA
"103" NA NA NA
"104" NA NA NA
"105" NA NA NA
"106" NA NA NA
"107" NA NA NA
"108" NA NA NA
"109" NA NA NA
"110" NA NA NA
"111" NA NA NA
"112" NA NA NA
"113" NA NA NA
"114" NA NA NA
"115" NA NA NA
"116" NA NA NA
"117" NA NA NA
"118" NA NA NA
"119" NA NA NA
"120" NA NA NA
"121" NA NA NA
"122" NA NA NA
"123" NA NA NA
"124" NA NA NA
"125" NA NA NA
"126" NA NA NA
"127" NA NA NA
"128" NA NA NA
"129" NA NA NA
"130" NA NA NA
"131" NA NA NA
"132" NA NA NA
"133" NA NA NA
"134" NA NA NA
"135" NA NA NA
"136" NA NA NA
"137" NA NA NA
"138" NA NA NA
"139" NA NA NA
"140" NA NA NA
"141" NA NA NA
"142" NA NA NA
"143" NA NA NA
"144" NA NA NA
"145" NA NA NA
"146" NA NA NA
"147" NA NA NA
"148" NA NA NA
"149" NA NA NA
"150" NA NA NA
"151" NA NA NA
"152" NA NA NA
"153" NA NA NA
"154" NA NA NA
"155" NA NA NA
"156" NA NA NA
"157" NA NA NA
"158" NA NA NA
"159" NA NA NA
"160" NA NA NA
"161" NA NA NA
"162" NA NA NA
"163" NA NA NA
"164" NA NA NA
"165" NA NA NA
"166" NA NA NA
"167" NA NA NA
"168" NA NA NA
"169" NA NA NA
"170" NA NA NA
"171" NA NA NA
"172" NA NA NA
"173" NA NA NA
"174" NA NA NA
"175" NA NA NA
"176" NA NA NA
"177" NA NA NA
"178" NA NA NA
"179" NA NA NA
"180" NA NA NA
"181" NA NA NA
"182" NA NA NA
"183" NA NA NA
"184" NA NA NA
"185" NA NA NA
"186" NA NA NA
"187" NA NA NA
"188" NA NA NA
"189" NA NA NA
"190" NA NA NA
"191" NA NA NA
"192" NA NA NA
"193" NA NA NA
"194" NA NA NA
"195" NA NA NA
"196" NA NA NA
"197" NA NA NA
"198" NA NA NA
"199" NA NA NA
"200" NA NA NA
"201" NA NA NA
"202" NA NA NA
"203" NA NA NA
"204" NA NA NA
"205" NA NA NA
"206" NA NA NA
"207" NA NA NA
"208" NA NA NA
"209" NA NA NA
"210" NA NA NA
"211" NA NA NA
"212" NA NA NA
"213" NA NA NA
"214" NA NA NA
"215" NA NA NA
"216" NA NA NA
"217" NA NA NA
"218" NA NA NA
"219" NA NA NA
"220" NA NA NA
"221" NA NA NA
"222" NA NA NA
"223" NA NA NA
"224" NA NA NA
"225" NA NA NA
"226" NA NA NA
"227" NA NA NA
"228" NA NA NA
"229" NA NA NA
"230" NA NA NA
"231" NA NA NA
"232" NA NA NA
"233" NA NA NA
"234" NA NA NA
"235" NA NA NA
"236" NA NA NA
"237" NA NA NA
"238" NA NA NA
"239" NA NA NA
"240" NA NA NA
"241" NA NA NA
"242" NA NA NA
"243" NA NA NA
"244" NA NA NA
"245" NA NA NA
"246" NA NA NA
"247" NA NA NA
"248" NA NA NA
"249" NA NA NA
"250" NA NA NA
"251" NA NA NA
"252" NA NA NA
"253" NA NA NA
"254" NA NA NA
"255" NA NA NA
"256" NA NA NA
"257" NA NA NA
"258" NA NA NA
"259" NA NA NA
"260" NA NA NA
"261" NA NA NA
"262" NA NA NA
"263" NA NA NA
"264" NA NA NA
"265" NA NA NA
"266" NA NA NA
"267" NA NA NA
"268" NA NA NA
"269" NA NA NA
"270" NA NA NA
"271" NA NA NA
"272" NA NA NA
"273" NA NA NA
"274" NA NA NA
"275" NA NA NA
"276" NA NA NA
"277" NA NA NA
"278" NA NA NA
"279" NA NA NA
"280" NA NA NA
"281" NA NA NA
"282" NA NA NA
"283" NA NA NA
"284" NA NA NA
"285" NA NA NA
"286" NA NA NA
"287" NA NA NA
"288" NA NA NA
"289" NA NA NA
"290" NA NA NA
"291" NA NA NA
"292" NA NA NA
"293" NA NA NA
"294" NA NA NA
"295" NA NA NA
"296" NA NA NA
"297" NA NA NA
"298" NA NA NA
"299" NA NA NA
"300" NA NA NA
"301" NA NA NA
"302" NA NA NA
"303" NA NA NA
"304" NA NA NA
"305" NA NA NA
"306" NA NA NA
"307" NA NA NA
"308" NA NA NA
"309" NA NA NA
"310" NA NA NA
"311" NA NA NA
"312" NA NA NA
"313" NA NA NA
"314" NA NA NA
"315" NA NA NA
"316" NA NA NA
"317" NA NA NA
"318" NA NA NA
"319" NA NA NA
"320" NA NA NA
"321" NA NA NA
"322" NA NA NA
"323" NA NA NA
"324" NA NA NA
"325" NA NA NA
"326" NA NA NA
"327" NA NA NA
"328" NA NA NA
"329" NA NA NA
"330" NA NA NA
"331" NA NA NA
"332" NA NA NA
"333" NA NA NA
"334" NA NA NA
"335" NA NA NA
"336" NA NA NA
"337" NA NA NA
"338" NA NA NA
"339" NA NA NA
"340" NA NA NA
"341" NA NA NA
"342" NA NA NA
"343" NA NA NA
"344" NA NA NA
"345" NA NA NA
"346" NA NA NA
"347" NA NA NA
"348" NA NA NA
"349" NA NA NA
"350" NA NA NA
"351" NA NA NA
"352" NA NA NA
"353" NA NA NA
"354" NA NA NA
"355" NA NA NA
"356" NA NA NA
"357" NA NA NA
"358" NA NA NA
"359" NA NA NA
"360" NA NA NA
"361" NA NA NA
"362" NA NA NA
"363" NA NA NA
"364" NA NA NA
"365" NA NA NA
"366" NA NA NA
"367" NA NA NA
"368" NA NA NA
"369" NA NA NA
"370" NA NA NA
"371" NA NA NA
"372" NA NA NA
"373" NA NA NA
"374" NA NA NA
"375" NA NA NA
"376" NA NA NA
"377" NA NA NA
"378" NA NA NA
"379" NA NA NA
"380" NA NA NA
"381" NA NA NA
"382" NA NA NA
"383" NA NA NA
"384" NA NA NA
"385" NA NA NA
"386" NA NA NA
"387" NA NA NA
"388" NA NA NA
"389" NA NA NA
"390" NA NA NA
"391" NA NA NA
"392" NA NA NA
"393" NA NA NA
"394" NA NA NA
"395" NA NA NA
"396" NA NA NA
"397" NA NA NA
"398" NA NA NA
"399" NA NA NA
"400" NA NA NA
"401" NA NA NA
"402" NA NA NA
"403" NA NA NA
"404" NA NA NA
"405" NA NA NA
"406" NA NA NA
"407" NA NA NA
"408" NA NA NA
"409" NA NA NA
"410" NA NA NA
"411" NA NA NA
"412" NA NA NA
"413" NA NA NA
"414" NA NA NA
"415" NA NA NA
"416" NA NA NA
"417" NA NA NA
"418" NA NA NA
"419" NA NA NA
"420" NA NA NA
"421" NA NA NA
"422" NA NA NA
"423" NA NA NA
"424" NA NA NA
"425" NA NA NA
"426" NA NA NA
"427" NA NA NA
"428" NA NA NA
"429" NA NA NA
"430" NA NA NA
"431" NA NA NA
"432" NA NA NA
"433" NA NA NA
"434" NA NA NA
"435" NA NA NA
"436" NA NA NA
"437" NA NA NA
"438" NA NA NA
"439" NA NA NA
"440" NA NA NA
"441" NA NA NA
"442" NA NA NA
"443" NA NA NA
"444" NA NA NA
"445" NA NA NA
"446" NA NA NA
"447" NA NA NA
"448" NA NA NA
"449" NA NA NA
"450" NA NA NA
"451" NA NA NA
"452" NA NA NA
"453" NA NA NA
"454" NA NA NA
"455" NA NA NA
"456" NA NA NA
"457" NA NA NA
"458" NA NA NA
"459" NA NA NA
"460" NA NA NA
"461" NA NA NA
"462" NA NA NA
"463" NA NA NA
"464" NA NA NA
"465" NA NA NA
"466" NA NA NA
"467" NA NA NA
"468" NA NA NA
"469" NA NA NA
"470" NA NA NA
"471" NA NA NA
"472" NA NA NA
"473" NA NA NA
"474" NA NA NA
"475" NA NA NA
"476" NA NA NA
"477" NA NA NA
"478" NA NA NA
"479" NA NA NA
"480" NA NA NA
"481" NA NA NA
"482" NA NA NA
"483" NA NA NA
"484" NA NA NA
"485" NA NA NA
"486" NA NA NA
"487" NA NA NA
"488" NA NA NA
"489" NA NA NA
"490" NA NA NA
"491" NA NA NA
"492" NA NA NA
"493" NA NA NA
"494" NA NA NA
"495" NA NA NA
"496" NA NA NA
"497" 27.833 176.26 71.223
"498" 32.728 170.02 65.335
"499" 14.837 160.92 14.413
"500" 14.202 86.469 -6.381
"501" 10.038 78.402 -12.074
"502" 9.6591 16.026 -10.001
"503" 6.7515 1.913 -2.591
"504" 2.5929 1.462 -6.339
"505" 3.2548 27.288 -37.437
"506" 6.0114 37.072 -24.053
"507" 15.138 50.522 -1.861
"508" 2.7482 83.16 -18.806
"509" 19.756 129.29 37.79
"510" 14.147 140.16 41.404
"511" 31.661 160.45 40.12
"512" 16.689 202.71 52.677
"513" 24.65 181.02 62.738
"514" 42.693 121.53 103.89
"515" 26.186 203.05 100.8
"516" 19.418 341.12 103.59
"517" 51.659 315.93 148.1
"518" 21.131 220.18 102.93
"519" 24.218 334.33 140.89
"520" 15.924 357.59 136.11
"521" 17.831 233.04 102.66
"522" 25.816 215.62 85.989
"523" 26.287 234.33 62.03
"524" 23.197 183.37 52.331
"525" 19.074 208.05 43.888
"526" 19.876 214.1 46.716
"527" 17.029 204.57 11.74
"528" 15.431 99.029 15.62
"529" 11.369 49.339 -1.7
"530" 7.4067 0.688 2.047
"531" 2.2972 204.65 -50.652
"532" -3.694 -54.652 -68.193
"533" 0.48858 7.831 -2.603
"534" 5.374 2.485 -3.958
"535" 7.3109 -3.125 3.091
"536" -10.868 32.052 16.838
"537" -30.182 14.044 9.169
"538" 3.9675 14.419 6.502
"539" -10.803 14.276 11.885
"540" -15.963 31.844 23.102
"541" 22.624 33.487 59.84
"542" 28.094 79.963 110.5
"543" 15.997 170.1 112.56
"544" 23.68 146.43 102.13
"545" 30.094 178.94 116.71
"546" 20.038 102.77 62.053
"547" 31.371 206.08 104.23
"548" 22.257 117.78 51.184
"549" 26.357 151.66 66.62
"550" 27.908 153.75 74.421
"551" 29.358 140 93.331
"552" 24.885 202.2 120.15
"553" 23.734 165.92 81.084
"554" 14.512 75.174 40.148
"555" 16.037 159.71 51.673
"556" 13.436 113.24 25.149
"557" 2.4629 73.925 -0.786
"558" 0.16927 48.532 3.649
"559" 1.7867 114.52 4.48
"560" 0.41064 43.443 -10.97
"561" 3.7181 -6.36 -4.437
"562" -0.41468 10.803 -0.531
"563" -2.6818 68.336 -10.451
"564" 24.863 1.7154 -8.785
"565" 1.7984 -240.45 -3.05
"566" 74.559 -21.375 -13.378
"567" 6.4985 44.647 9.809
"568" 12.903 59.603 10.119
"569" -9.8671 227.11 4.203
"570" 12.96 94.485 44.395
"571" 30.042 101.96 78.223
"572" 38.828 36.252 54.297
"573" 14.577 32.902 11.693
"574" 29.829 147.12 76.468
"575" 25.381 122.31 35.972
"576" 29.308 137.19 59.269
"577" 33.893 120.58 74.885
"578" 25.457 226.78 58.275
"579" 34.64 124.75 106.26
"580" 24.918 150.6 31.834
"581" 23.773 187.05 44.988
"582" 9.24 104.08 -13.739
"583" 15.117 167.94 -12.805
"584" 14.502 102.81 -24.958
"585" 1.2297 76.341 -20.003
"586" 8.8757 17.137 -11.479
"587" 0.03799 20.452 -10.802
"588" 7.9279 -23.609 -9.99
"589" 1.5576 19.633 -9.617
"590" 10.458 -0.415 -10.81
"591" 12.933 21.809 11.737
"592" 15.694 23.926 20.682
"593" 18.73 75.224 46.488
"594" 16.5 97.389 45.597
"595" -6.924 298.92 56.792
"596" 25.738 219.1 94.327
"597" 20.855 365.81 130.21
"598" 32.159 226.35 78.703
"599" 28.813 267.47 26.193
"600" 38.32 285.45 52.683
"601" 29.59 317.52 -1.821
"602" 10.337 284.96 -55.773
"603" 6.486 119.13 -21.453
"604" 24.419 208.45 37.964
"605" 36.97 301.65 64.356
"606" 21.865 284.48 14.239
"607" 13.159 214.6 -75.213
"608" 10.106 234.18 -61.171
"609" 12.709 157.76 -50.255
"610" 20.166 118.52 -81.833
"611" 64.105 64.343 -270.7
"612" -0.35555 8.8448 -20.539
"613" -2.6031 15.514 -17.942
"614" -2.1207 15.321 -17.222
"615" -2.5941 16.514 -18.304
"616" -2.4546 16.067 -18.751
"617" -1.3847 4.0767 -10.83
"618" 0.61509 15.386 -12.138
"619" 10.166 33.373 4.4782
"620" 10.204 113.28 12.637
"621" 15.176 133.33 42.986
"622" 21.101 297.74 107.09
"623" 28.159 252.19 143.43
"624" 28.339 154.72 96.893
"625" 18.906 246.86 187.2
"626" 20.987 331.4 249.77
"627" 27.645 330.43 235.59
"628" 27.1 305.17 212.71
"629" 20.98 245.26 138.88
"630" 33.021 338.67 148.65
"631" 22.644 242.79 83.144
"632" 22.048 222.81 95.423
"633" 32.822 346.18 155.29
"634" 30.125 252.19 126.49
"635" 25.164 237.79 110.26
"636" 20.039 167.14 25.965
"637" 22.405 199.63 33.819
"638" 20.187 155.35 28.417
"639" 19.982 159.41 25.258
"640" 17.58 129 40.462
"641" 10.382 51.242 -2.4245
"642" 7.386 15.974 1.2465
"643" 2.175 46.205 -3.2177
"644" -0.3957 8.7353 -24.528
"645" 1.6964 1.0405 -3.0615
"646" 4.2484 61.019 -6.2902
"647" 10.35 101.77 -1.5167
"648" -12.688 33.059 16.363
"649" 13.327 137.79 32.591
"650" 16.471 222.27 92.897
"651" 30.555 272.72 89.491
"652" 22.307 217.69 79.628
"653" 25.975 208.03 89.982
"654" 23.351 236.16 118.03
"655" 32.76 270.42 130.31
"656" 45.338 331.97 158.57
"657" 33.392 346.18 155.29
"658" 33.519 346.18 155.29
"659" 37.189 355.67 161.01
"660" 26.399 262.81 112.36
"661" 28.414 245.75 110.97
"662" 28.243 262.95 111.31
"663" 32.529 284.98 105.52
"664" 24.099 318.34 82.308
"665" 14.715 141.91 -18.466
"666" 19.58 194.16 31.86
"667" 20.822 214.36 35.707
"668" 9.3663 77.541 -51.287
"669" 12.734 99.434 -38.621
"670" 5.1132 47.428 -65.651
"671" 4.3407 24.41 -44.368
"672" 3.7258 15.614 -30.736
"673" 2.339 9.062 -22.059
"674" 7.2833 23.179 -13.664
"675" 11.512 44.954 10.188
"676" 23.341 90.367 55.187
"677" 19.346 153.79 59.126
"678" 20.939 108.51 29.028
"679" 23.355 141.6 35.048
"680" 25.997 167.39 44.629
"681" 30.747 187.83 66.524
"682" 26.625 166.58 14.415
"683" 34.699 295.87 65.31
"684" 32.82 300.28 80.077
"685" 48.648 255.9 69.634
"686" 35.929 298.38 71.071
"687" 30.716 258.59 77.198
"688" 23.855 170.51 4.371
"689" 26.749 193.75 7.56
"690" 28.66 211.61 36.998
"691" 22.224 197.28 59.772
"692" 0.29085 314.85 -101.28
"693" 11 18.781 -65.08
"694" 28.614 377.8 -30.789
"695" 16.722 62.256 -8.925
"696" 6.734 23.962 0.001
"697" 9.8493 23.384 2.501
"698" 3.65 -13.189 -0.722
"699" 14.568 56.798 -29.455
"700" 4.4984 39.407 -27.77
"701" -47.57 99.7 -8.783
"702" 65.352 15.401 -27.333
"703" 6.6049 17.829 1.123
"704" 1.879 39.326 13.373
"705" -19.746 124.95 10.425
"706" 20.501 22.349 3.749
"707" 4.2044 52.117 132.55
"708" 19.329 -9.219 6.312
"709" 27.762 206.81 4.911
"710" 8.3184 155.23 13.432
"711" 19.754 122.42 18.869
"712" 5.5541 180.57 24.586
"713" 30.714 199.37 53.771
"714" 19.469 441.3 84.889
"715" 24.026 251.05 108.37
"716" 26.866 247.09 107.79
"717" 9.7612 67.366 20.568
"718" 24.156 329.73 76.173
"719" 18.621 118.41 52.494
"720" 26.6 307.07 114.77
"721" 22.042 212.93 71.709
"722" 21.314 174.75 80.356
"723" 21.063 202.74 38.067
"724" 14.241 83.256 0.568
"725" 11.454 65.529 -2.33
"726" 6.268 15.216 -1.371
"727" 4.8839 0.195 -0.411
"728" 1.2743 -42.635 13.871
"729" 1.9761 1.281 -2.688
"730" 3.2843 29.22 -16.968
"731" 6.026 43.352 -7.589
"732" 14.994 112.27 12.984
"733" 13.032 103.87 10.961
"734" 12.27 151.76 -0.132
"735" 47.577 202.84 78.825
"736" 44.684 251.26 66.889
"737" 32.408 265.83 85.268
"738" 22.86 197.64 119.74
"739" 30.604 281.08 91.794
"740" 26.026 256.1 147.89
"741" 82.611 289.34 168.41
"742" 16.646 250.41 50.125
"743" 28.789 383.66 139.84
"744" 19.443 223.09 74.793
"745" 28.645 272.73 65.134
"746" 29.195 308.22 64.592
"747" 39.24 552.69 144.4
"748" 17.083 146.52 -17.532
"749" 26.728 280.81 37.446
"750" 21.168 200.51 39.777
"751" 16.4 188.19 -12.277
"752" 15.266 141.77 -9.204
"753" 14.618 113 -23.629
"754" 9.6744 50.708 -24.64
"755" 6.2727 10.231 -9.167
"756" 2.7899 1.189 -7.189
"757" 7.197 -18.377 6.055
"758" 5.9593 24.614 6.125
"759" 2.8572 8.002 -0.154
"760" 2.5141 20.445 -3.29
"761" 49.936 227.08 -62.566
"762" -11.295 250.11 -27.293
"763" 8.4624 117.63 2.39
"764" -0.74762 4.111 -3.16
"765" 3.4639 110.36 8.923
"766" -10.663 131.35 -1.415
"767" 33.669 215.58 8.541
"768" -3.9706 169.67 13.425
"769" 6.6361 114.3 12.29
"770" 53.756 73.879 24.658
"771" 12.808 92.718 36.75
"772" 15.147 129.23 33.517
"773" 21.524 -15.452 19.792
"774" 12.608 67.735 16.374
"775" 28.135 72.362 32.816
"776" 22.017 105.19 25.271
"777" 25.275 122.59 43.371
"778" 23.75 117.37 38.843
"779" 21.131 117.82 23.265
"780" 13.875 44.355 3.485
"781" 8.5709 19.22 -1.409
"782" 7.2741 19.004 -7.903
"783" 3.889 10.31 -16.963
"784" 1.6869 2.83 -9.672
"785" 7.373 12.475 1.622
"786" 1.6879 11.227 -5.768
"787" -4.2426 -5.68 -5.351
"788" 6.2814 22.088 0.072
"789" 9.7251 33.387 -0.832
"790" 6.7141 109.62 34.484
"791" -4.9358 249.82 -42.815
"792" -9.3893 -7.25 -59.928
"793" 3.4832 119.85 -8.49
"794" 5.7732 173.08 6.555
"795" 18.358 264.12 53.057
"796" 21.307 262.2 111.3
"797" 64.396 257.96 114.55
"798" 26.089 331.55 130.33
"799" 17.1 152.13 89.438
"800" 19.262 248.36 90.805
"801" 19.537 224.32 65.63
"802" 19.844 188.37 88.224
"803" 20.152 202.94 72.497
"804" 20.052 163.57 72.49
"805" 20.842 207.24 42.308
"806" 15.732 116.96 49.274
"807" 17.062 113.1 27.017
"808" 13.886 82.47 11.547
"809" 10.562 36.956 -2.519
"810" 10.056 16.731 3.864
"811" 4.7885 21.572 -20.589
"812" 4.1635 -12.98 5.877
"813" -1.9473 6.666 -7.699
"814" 2.1974 0.289 -0.82
"815" -3.54 -4.462 -7.863
"816" -0.93547 5.798 -18.353
"817" -4.8684 17.49 -32.915
"818" 0.71423 12.828 -16.286
"819" 6.8253 51.778 -5.126
"820" 10.979 64.762 3.773
"821" 8.2127 37.982 -11.197
"822" 19.165 141.9 45.764
"823" 10.093 244.12 46.346
"824" 3.3365 194.62 90.668
"825" 17.309 173.22 76.202
"826" 20.264 177.89 115.67
"827" 19.866 236.13 102
"828" 26.615 327.2 143.86
"829" 41.846 350.15 153.44
"830" 29.894 260.61 137.71
"831" 30.095 300.44 137.54
"832" 32.701 361.2 168.58
"833" 25.364 284.69 111.06
"834" 28.815 326.85 110.97
"835" 25.794 332.43 93.094
"836" 27.874 292.89 87.38
"837" 22.687 201.37 43.435
"838" 22.038 184.06 15.546
"839" 15.589 119.25 1.845
"840" 12.631 73.016 -3.434
"841" 9.7106 26.609 -8.928
"842" 5.9123 0.856 -0.934
"843" 5.4996 -7.853 2.052
"844" -0.78017 2.857 -0.573
"845" -0.78698 16.674 -15.869
"846" 0.47991 23.56 -2.806
"847" 7.4005 45.743 36.714
"848" 18.499 73.113 48.251
"849" 15.376 157.75 86.944
"850" 13.998 302.64 140.03
"851" 40.429 314.2 156.62
"852" 16.693 190.19 130.24
"853" 21.603 156.58 151.6
"854" 16.745 337.13 222.8
"855" 25.619 325.68 276.73
"856" 31.993 357.93 258.14
"857" 28.673 440.19 304.48
"858" 27.17 231.74 184.64
"859" 35.77 357.14 244.46
"860" 25.48 358.61 177.88
"861" 22.261 187.86 80.936
"862" 17.593 113.38 20.4
"863" 13.468 67.787 12.669
"864" 12.104 90.494 0.282
"865" 9.1974 38.254 -2.895
"866" 10.106 44.867 -6.664
"867" 5.274 15.301 -10.76
"868" 4.9541 27.84 -8.807
"869" 7.1271 40.163 -4.214
"870" 6.2647 32.46 -6.866
"871" 4.4259 18.013 -13.808
"872" -1.1041 17.849 -9.555
