5 1 5 30 0.188500 13.040000 0.733345 4.745973 0.000000 3.202000 11.370000 0.086823
5 1 6 0 0.188500 13.030000 0.744132 4.745973 0.000000 46.040001 11.300000 0.080313
5 1 6 30 0.188500 13.010000 0.970796 4.745973 0.000000 153.100010 11.800000 0.084316
5 1 7 0 0.188250 13.000000 1.222641 4.745973 0.000000 298.299990 13.160000 0.137910
5 1 7 30 0.187500 12.980000 1.787364 4.745973 0.000000 478.399990 14.660000 0.220833
5 1 8 0 0.186000 12.980000 1.735521 4.745973 0.000000 676.299990 15.980000 0.334479
5 1 8 30 0.185750 12.970000 1.934665 4.745973 0.000000 874.000000 17.410000 0.475532
5 1 9 0 0.184250 12.970000 1.985754 4.745973 0.000000 1058.000000 18.680000 0.618664
5 1 9 30 0.183250 12.970000 2.144233 4.745973 0.000000 1226.000000 19.910000 0.760124
5 1 10 0 0.182000 12.980000 2.458448 4.745973 0.000000 1386.000000 20.690001 0.874827
5 1 10 30 0.181250 13.000000 2.262527 4.745973 0.000000 1504.000000 21.219999 0.941952
5 1 11 0 0.179500 13.030000 2.435544 4.745973 0.000000 1618.015900 22.848841 1.255637
5 1 11 30 0.178750 13.000000 2.253612 4.745973 0.000000 1691.070200 23.487411 1.329727
5 1 12 0 0.177750 12.940000 2.165629 4.745973 0.000000 1737.031500 24.411913 1.466654
5 1 12 30 0.177500 12.990000 2.539200 4.745973 0.000000 1747.191300 24.888458 1.551061
5 1 13 0 0.177000 13.050000 2.023000 4.745973 0.000000 1729.774400 25.117203 1.612022
5 1 13 30 0.176000 13.110000 1.783000 4.745973 0.000000 1695.908200 25.603279 1.695491
5 1 14 0 0.176000 13.170000 2.412600 4.745973 0.000000 1620.531700 25.803429 1.776146
5 1 14 30 0.176000 13.240000 1.531000 4.745973 0.000000 1539.543000 26.222790 1.856802
5 1 15 0 0.176000 13.300000 1.977700 4.745973 0.000000 1409.496700 26.623089 1.932768
5 1 15 30 0.175750 13.370000 1.703300 4.745973 0.000000 1263.775300 26.756521 1.967469
5 1 16 0 0.176000 13.430000 1.875300 4.745973 0.000000 948.151730 26.746990 1.999356
5 1 16 30 0.176000 13.490000 1.690400 4.745973 0.000000 898.871520 26.785114 2.084701
5 1 17 0 0.176000 13.540000 1.091000 4.745973 0.000000 426.650670 26.451532 1.939333
5 1 17 30 0.176500 13.590000 1.705800 4.745973 0.000000 446.922000 25.288759 1.687050
5 1 18 0 0.176750 13.630000 1.515200 4.745973 0.000000 306.986790 24.345196 1.463841
5 1 18 30 0.177250 13.670000 1.451700 4.745973 0.000000 159.649370 22.867901 1.014608
5 1 19 0 0.177750 13.710000 1.023700 4.745973 0.000000 67.587440 20.923592 0.697612
5 2 5 30 0.183750 13.730000 1.018400 4.755642 0.000000 39.479664 11.383126 0.195860
5 2 6 0 0.183750 13.710000 1.100500 4.755642 0.000000 86.065460 11.125791 0.185543
5 2 6 30 0.183750 13.690000 0.788420 4.755642 0.000000 205.376280 11.545152 0.173351
5 2 7 0 0.183250 13.660000 1.224200 4.755642 0.000000 371.436340 13.031978 0.183668
5 2 7 30 0.182500 13.640000 1.112100 4.755642 0.000000 559.976750 15.100190 0.338414
5 2 8 0 0.181750 13.620000 0.977230 4.755642 0.000000 744.813780 17.063562 0.528798
5 2 8 30 0.180750 13.610000 1.114200 4.755642 0.000000 968.676030 18.988811 0.749194
5 2 9 0 0.179750 13.600000 1.390700 4.755642 0.000000 1154.714100 20.361265 0.910506
5 2 9 30 0.178750 13.590000 1.755900 4.755642 0.000000 1332.174600 21.285767 1.010856
5 2 10 0 0.177500 13.590000 1.497000 4.755642 0.000000 1469.799000 22.610565 1.196552
5 2 10 30 0.176500 13.610000 1.820300 4.755642 0.000000 1536.859600 23.239609 1.298778
5 2 11 0 0.175000 13.630000 1.727500 4.755642 0.000000 1513.238300 24.078329 1.384123
5 2 11 30 0.174250 13.660000 1.827400 4.755642 0.000000 1645.958100 24.745495 1.466654
5 2 12 0 0.173750 13.700000 2.234500 4.755642 0.000000 1713.819500 25.431723 1.595140
5 2 12 30 0.172750 13.740000 2.212000 4.755642 0.000000 1752.154100 25.622341 1.712372
5 2 13 0 0.172250 13.790000 2.475800 4.755642 0.000000 1785.284100 26.175135 1.791152
5 2 13 30 0.171750 13.800000 1.915100 4.755642 0.000000 1814.710600 26.470594 1.861491
5 2 14 0 0.171500 13.740000 2.223000 4.755642 0.000000 1642.555100 26.870893 1.938395
5 2 14 30 0.171500 13.790000 2.329300 4.755642 0.000000 1612.828200 27.214006 2.050938
5 2 15 0 0.171500 13.850000 1.795000 4.755642 0.000000 1141.402200 27.395096 2.094079
5 2 15 30 0.171500 13.920000 1.734400 4.755642 0.000000 1181.538500 27.347441 2.095017
5 2 16 0 0.171500 14.020000 1.569700 4.755642 0.000000 1046.516400 26.746990 2.045311
5 2 16 30 0.171750 14.190000 1.458100 4.755642 0.000000 812.454900 27.833517 2.228193
5 2 17 0 0.171750 14.230000 1.200300 4.755642 0.000000 429.999270 27.185413 2.061254
5 2 17 30 0.172000 14.270000 1.235900 4.755642 0.000000 483.697810 25.622341 1.717062
5 2 18 0 0.172500 14.310000 1.688400 4.755642 0.000000 324.624050 24.697842 1.462902
5 2 18 30 0.173000 14.340000 1.521400 4.755642 0.000000 182.925990 23.449287 1.129964
5 2 19 0 0.173250 14.370000 1.391300 4.755642 0.000000 84.016609 21.762314 0.797025
5 3 5 30 0.179500 14.150000 0.896370 4.765313 0.000000 40.101025 11.430781 0.165848
5 3 6 0 0.179500 14.130000 1.222600 4.765313 0.000000 88.400574 11.697647 0.162097
5 3 6 30 0.179500 14.100000 1.280300 4.765313 0.000000 226.525390 12.555431 0.162097
5 3 7 0 0.178500 14.080000 1.002100 4.765313 0.000000 403.705510 13.708674 0.162097
5 3 7 30 0.178250 14.050000 1.206400 4.765313 0.000000 592.806400 15.757825 0.317781
5 3 8 0 0.177500 14.030000 1.210400 4.765313 0.000000 805.848940 17.787914 0.560686
5 3 8 30 0.176000 14.010000 1.316800 4.765313 0.000000 996.271000 19.341455 0.754822
5 3 9 0 0.175000 14.000000 1.382900 4.765313 0.000000 1192.048000 20.961716 0.956461
5 3 9 30 0.174500 13.990000 1.550100 4.765313 0.000000 1354.895000 21.686066 1.053998
5 3 10 0 0.172750 13.990000 1.496800 4.765313 0.000000 1505.331100 23.087112 1.247196
5 3 10 30 0.171750 13.970000 1.199800 4.765313 0.000000 1643.055500 24.564407 1.477908
5 3 11 0 0.170250 13.880000 1.068300 4.765313 0.000000 1732.936800 25.317350 1.609208
5 3 11 30 0.169500 14.000000 1.266100 4.765313 0.000000 1795.793500 26.327629 1.787401
5 3 12 0 0.168750 13.930000 1.063500 4.765313 0.000000 1820.816200 26.594496 1.870870
5 3 12 30 0.167750 13.980000 1.879300 4.765313 0.000000 1868.359100 27.023390 2.131594
5 3 13 0 0.167750 14.030000 1.801900 4.765313 0.000000 1887.776600 26.594496 2.116588
5 3 13 30 0.168000 14.080000 0.989990 4.765313 0.000000 1666.877100 26.489656 2.037808
5 3 14 0 0.168000 14.140000 1.154000 4.765313 0.000000 1436.268700 26.565905 2.007797
5 3 14 30 0.167750 14.200000 1.061500 4.765313 0.000000 1076.343400 26.889956 2.072509
5 3 15 0 0.167500 14.240000 1.613600 4.765313 0.000000 1573.292500 27.833517 2.302283
5 3 15 30 0.167250 14.290000 2.028400 4.765313 0.000000 1272.820900 27.862110 2.376374
5 3 16 0 0.167250 14.340000 1.666800 4.765313 0.000000 675.260930 27.785864 2.341673
5 3 16 30 0.167500 14.380000 1.889300 4.765313 0.000000 903.086790 28.195692 2.441086
5 3 17 0 0.167750 14.430000 1.282100 4.765313 0.000000 406.718230 27.757271 2.375436
5 3 17 30 0.168000 14.470000 1.619400 4.765313 0.000000 506.098050 26.251383 2.054689
5 3 18 0 0.168000 14.500000 1.408500 4.765313 0.000000 373.658360 25.326881 1.742384
5 3 18 30 0.168500 14.530000 1.375400 4.765313 0.000000 196.167950 23.820995 1.309094
5 3 19 0 0.169750 14.550000 1.206900 4.765313 0.000000 88.225418 21.714659 0.922698
5 4 5 30 0.174750 14.400000 0.558640 4.764986 0.000000 41.244259 11.983575 0.182730
5 4 6 0 0.175250 14.380000 0.700060 4.764986 0.000000 98.304520 11.592807 0.178978
5 4 6 30 0.175250 14.360000 0.471880 4.764986 0.000000 233.391600 11.792956 0.172413
5 4 7 0 0.174750 14.330000 0.620370 4.764986 0.000000 414.595340 12.946199 0.163973
5 4 7 30 0.174500 14.310000 0.577150 4.764986 0.000000 615.286680 15.357526 0.262447
5 4 8 0 0.173500 14.280000 0.934910 4.764986 0.000000 819.881590 17.969002 0.540991
5 4 8 30 0.172500 14.270000 0.657190 4.764986 0.000000 1014.957900 20.132523 0.822347
5 4 9 0 0.171250 14.250000 1.104600 4.764986 0.000000 1200.155300 21.752783 1.080258
5 4 9 30 0.170000 14.250000 1.054400 4.764986 0.000000 1368.707600 22.915556 1.283772
5 4 10 0 0.168750 14.250000 1.128200 4.764986 0.000000 1517.542100 24.307072 1.500417
5 4 10 30 0.167500 14.270000 1.227600 4.764986 0.000000 1640.953600 25.708120 1.748011
5 4 11 0 0.166000 14.220000 1.413700 4.764986 0.000000 1736.640100 26.994797 2.064068
5 4 11 30 0.165000 14.150000 1.517300 4.764986 0.000000 1809.906300 27.061512 2.279775
5 4 12 0 0.164500 14.190000 1.388900 4.764986 0.000000 1845.938800 27.671492 2.428894
5 4 12 30 0.163500 14.240000 1.585300 4.764986 0.000000 1834.000000 27.180000 2.330322
5 4 13 0 0.163250 14.290000 1.880400 4.764986 0.000000 1813.000000 27.309999 2.379849
5 4 13 30 0.162750 14.340000 1.850100 4.764986 0.000000 1776.000000 28.100000 2.528129
5 4 14 0 0.162250 14.400000 1.377200 4.764986 0.000000 1705.000000 28.610001 2.659156
5 4 14 30 0.162250 14.450000 1.287600 4.764986 0.000000 1662.000000 28.860001 2.745398
5 4 15 0 0.162000 14.510000 1.364200 4.764986 0.000000 1537.000000 29.040001 2.807353
5 4 15 30 0.162500 14.560000 0.916800 4.764986 0.000000 1366.000000 29.270000 2.827783
5 4 16 0 0.162500 14.610000 1.046300 4.764986 0.000000 1113.000000 29.240000 2.823511
5 4 16 30 0.162500 14.660000 1.189000 4.764986 0.000000 959.000000 28.830000 2.715075
5 4 17 0 0.163250 14.700000 1.457700 4.764986 0.000000 690.700010 27.900000 2.476617
5 4 17 30 0.163750 14.740000 1.965500 4.764986 0.000000 544.599980 27.209999 2.324101
5 4 18 0 0.164250 14.780000 1.525700 4.764986 0.000000 391.700010 27.100000 2.242569
5 4 18 30 0.164250 14.800000 1.318100 4.764986 0.000000 207.700000 25.580000 1.836124
5 4 19 0 0.165000 14.830000 1.171400 4.764986 0.000000 64.690002 23.350000 1.193409
5 5 5 30 0.171250 14.630000 1.126700 4.774660 0.000000 6.154000 11.960000 0.055918
5 5 6 0 0.171250 14.590000 0.727250 4.774660 0.000000 60.270000 12.530000 0.072115
5 5 6 30 0.171250 14.580000 0.893120 4.774660 0.000000 185.399990 13.490000 0.094906
5 5 7 0 0.170250 14.550000 0.984860 4.774660 0.000000 355.100010 15.510000 0.208566
5 5 7 30 0.169500 14.520000 1.027700 4.774660 0.000000 541.000000 17.410000 0.396050
5 5 8 0 0.169000 14.480000 1.252600 4.774660 0.000000 746.000000 18.490000 0.551161
5 5 8 30 0.168000 14.330000 1.159700 4.774660 0.000000 951.000000 19.820000 0.708073
5 5 9 0 0.167000 14.310000 1.459700 4.774660 0.000000 1136.000000 21.340000 0.932247
5 5 9 30 0.165500 14.300000 0.842400 4.774660 0.000000 1305.000000 23.059999 1.165563
5 5 10 0 0.164750 14.320000 1.015300 4.774660 0.000000 1449.000000 24.129999 1.326171
5 5 10 30 0.163250 14.330000 0.820400 4.774660 0.000000 1580.000000 25.469999 1.522203
5 5 11 0 0.162000 14.360000 1.092800 4.774660 0.000000 1696.000000 26.660000 1.739300
5 5 11 30 0.161000 14.380000 1.227200 4.774660 0.000000 1758.000000 27.370001 1.892854
5 5 12 0 0.160500 14.430000 1.218900 4.774660 0.000000 1772.000000 27.660000 1.973839
5 5 12 30 0.159750 14.470000 1.615200 4.774660 0.000000 1786.000000 28.350000 2.224375
5 5 13 0 0.159000 14.530000 1.088600 4.774660 0.000000 1775.000000 28.969999 2.571856
5 5 13 30 0.159000 14.590000 0.845420 4.774660 0.000000 1616.000000 29.469999 2.732006
5 5 14 0 0.159000 14.650000 1.201700 4.774660 0.000000 1486.000000 29.610001 2.703345
5 5 14 30 0.159000 14.710000 1.441100 4.774660 0.000000 1688.000000 29.930000 2.796872
5 5 15 0 0.158500 14.760000 1.073000 4.774660 0.000000 1359.000000 30.100000 2.816679
5 5 15 30 0.158500 14.820000 0.774910 4.774660 0.000000 1226.000000 30.260000 2.897465
5 5 16 0 0.158500 14.880000 1.151200 4.774660 0.000000 1076.000000 29.900000 2.804924
5 5 16 30 0.158500 14.920000 0.907570 4.774660 0.000000 1009.000000 30.250000 2.856716
5 5 17 0 0.158750 14.970000 0.788950 4.774660 0.000000 662.500000 30.160000 2.698808
5 5 17 30 0.159750 15.020000 0.684980 4.774660 0.000000 352.600010 28.780001 2.052058
5 5 18 0 0.159750 15.060000 0.622440 4.774660 0.000000 225.600010 26.690001 1.338330
5 5 18 30 0.161000 15.090000 0.557680 4.774660 0.000000 106.900000 24.379999 0.693259
5 5 19 0 0.161000 15.120000 0.568580 4.774660 0.000000 43.700001 22.280001 0.442937
5 6 5 30 0.165000 15.110000 1.845700 4.784333 0.000000 2.892000 15.740000 0.342022
5 6 6 0 0.165250 15.150000 1.787000 4.784333 0.000000 29.400000 15.710000 0.366576
5 6 6 30 0.165250 15.140000 2.261200 4.784333 0.000000 90.199997 15.850000 0.411930
5 6 7 0 0.165000 15.120000 2.072800 4.784333 0.000000 143.600010 15.890000 0.430703
5 6 7 30 0.165000 15.100000 1.926500 4.784333 0.000000 251.100010 16.040001 0.448211
5 6 8 0 0.164750 15.090000 2.348700 4.784333 0.000000 616.299990 16.799999 0.561692
5 6 8 30 0.163750 15.070000 2.523500 4.784333 0.000000 635.500000 17.459999 0.687931
5 6 9 0 0.163750 15.050000 2.275800 4.784333 0.000000 496.700010 17.459999 0.728595
5 6 9 30 0.163750 15.040000 2.056800 4.784333 0.000000 740.000000 17.299999 0.717796
5 6 10 0 0.163000 15.030000 3.326600 4.784333 0.000000 1361.000000 18.670000 0.892589
5 6 10 30 0.162250 15.030000 3.156500 4.784333 0.000000 1481.000000 18.900000 0.928785
5 6 11 0 0.161750 15.000000 3.180100 4.784333 0.000000 1579.000000 19.370001 0.978948
5 6 11 30 0.160500 14.890000 3.417400 4.784333 0.000000 1676.000000 19.809999 1.013210
5 6 12 0 0.160500 14.890000 3.442900 4.784333 0.000000 1462.000000 19.719999 1.003676
5 6 12 30 0.160000 14.900000 2.857500 4.784333 0.000000 1470.000000 20.280001 1.019676
5 6 13 0 0.160000 14.910000 3.003300 4.784333 0.000000 1293.000000 20.250000 0.994529
5 6 13 30 0.160000 14.930000 2.821700 4.784333 0.000000 802.000000 19.540001 0.888782
5 6 14 0 0.161000 14.940000 2.762100 4.784333 0.000000 718.000000 19.070000 0.834584
5 6 14 30 0.161000 14.960000 2.806400 4.784333 0.000000 569.900020 18.770000 0.863202
5 6 15 0 0.161000 14.970000 2.874500 4.784333 0.000000 726.000000 18.959999 0.883395
5 6 15 30 0.161000 14.980000 3.000700 4.784333 0.000000 569.099980 18.809999 0.850294
5 6 16 0 0.161000 14.990000 2.886600 4.784333 0.000000 697.500000 18.900000 0.841287
5 6 16 30 0.161000 15.090000 3.148100 4.784333 0.000000 681.799990 19.010000 0.858081
5 6 17 0 0.161000 15.110000 2.781300 4.784333 0.000000 212.100010 17.959999 0.744602
5 6 17 30 0.162000 15.110000 3.222600 4.784333 0.000000 165.700000 17.190001 0.701934
5 6 18 0 0.162000 15.110000 2.415200 4.784333 0.000000 123.700000 16.840000 0.691213
5 6 18 30 0.162250 15.110000 2.690300 4.784333 0.000000 92.500000 16.690001 0.685854
5 6 19 0 0.162750 15.100000 2.334100 4.784333 0.000000 18.770000 16.360001 0.650054
5 7 5 30 0.167500 14.520000 1.864900 4.784005 0.000000 7.820000 7.580000 0.206042
5 7 6 0 0.167500 14.480000 2.116700 4.784005 0.000000 70.199997 7.860000 0.220333
5 7 6 30 0.167500 14.440000 2.280500 4.784005 0.000000 186.700000 8.450000 0.252942
5 7 7 0 0.167500 14.400000 2.760300 4.784005 0.000000 311.299990 9.310000 0.286323
5 7 7 30 0.166500 14.370000 3.193600 4.784005 0.000000 567.099980 10.120000 0.324980
5 7 8 0 0.166500 14.330000 3.259800 4.784005 0.000000 819.000000 11.200000 0.404973
5 7 8 30 0.165750 14.300000 2.281800 4.784005 0.000000 1011.000000 12.100000 0.481335
5 7 9 0 0.165000 14.270000 3.017000 4.784005 0.000000 1207.000000 12.550000 0.544322
5 7 9 30 0.164500 14.230000 2.178900 4.784005 0.000000 1386.000000 13.340000 0.629105
5 7 10 0 0.163250 14.210000 2.291500 4.784005 0.000000 1546.000000 14.270000 0.754086
5 7 10 30 0.162500 14.190000 2.461600 4.784005 0.000000 1673.000000 14.710000 0.838938
5 7 11 0 0.161500 14.180000 2.332700 4.784005 0.000000 1754.000000 15.750000 0.954913
5 7 11 30 0.160750 14.180000 2.691300 4.784005 0.000000 1807.000000 16.410000 1.042805
5 7 12 0 0.159750 14.180000 2.385300 4.784005 0.000000 1882.000000 17.330000 1.168496
5 7 12 30 0.159250 14.180000 2.399400 4.784005 0.000000 1908.000000 17.500000 1.229114
5 7 13 0 0.158500 14.200000 2.242300 4.784005 0.000000 1895.000000 18.370001 1.263750
5 7 13 30 0.158500 14.220000 2.065400 4.784005 0.000000 1863.000000 18.969999 1.347381
5 7 14 0 0.158250 14.240000 2.021400 4.784005 0.000000 1803.000000 19.750000 1.455070
5 7 14 30 0.158000 14.260000 1.558700 4.784005 0.000000 1710.000000 20.600000 1.519297
5 7 15 0 0.157500 14.290000 1.743300 4.784005 0.000000 1592.000000 20.660000 1.467267
5 7 15 30 0.157500 14.320000 2.105000 4.784005 0.000000 1456.000000 20.860001 1.462205
5 7 16 0 0.157500 14.350000 2.081000 4.784005 0.000000 1235.000000 20.900000 1.451418
5 7 16 30 0.157500 14.370000 1.651300 4.784005 0.000000 1040.000000 20.870001 1.410515
5 7 17 0 0.158250 14.400000 1.170900 4.784005 0.000000 897.000000 21.340000 1.450162
5 7 17 30 0.158250 14.420000 1.709800 4.784005 0.000000 691.900020 21.070000 1.384975
5 7 18 0 0.158250 14.440000 1.540500 4.784005 0.000000 427.600010 20.420000 1.277304
5 7 18 30 0.158250 14.460000 1.350800 4.784005 0.000000 253.899990 19.850000 1.169352
5 7 19 0 0.159250 14.480000 0.795240 4.784005 0.000000 57.770000 18.150000 0.882986
5 8 5 30 0.166500 14.230000 0.486830 4.793675 0.000000 11.390000 6.466000 0.083337
5 8 6 0 0.166500 14.200000 0.430860 4.793675 0.000000 89.400002 6.714000 0.077696
5 8 6 30 0.166000 14.160000 0.399330 4.793675 0.000000 219.000000 7.660000 0.071333
5 8 7 0 0.165750 14.130000 0.819070 4.793675 0.000000 345.000000 10.080000 0.088798
5 8 7 30 0.165000 14.100000 0.613390 4.793675 0.000000 471.000000 11.880000 0.175869
5 8 8 0 0.163750 14.070000 0.609850 4.793675 0.000000 723.000000 13.840000 0.320256
5 8 8 30 0.162750 14.040000 0.695360 4.793675 0.000000 697.200010 14.960000 0.401147
5 8 9 0 0.161750 14.020000 0.714480 4.793675 0.000000 674.099980 15.830000 0.472668
5 8 9 30 0.160500 14.010000 0.676650 4.793675 0.000000 712.000000 16.389999 0.526264
5 8 10 0 0.160500 13.990000 0.684740 4.793675 0.000000 991.000000 17.230000 0.675890
5 8 10 30 0.159500 13.980000 1.364700 4.793675 0.000000 1163.000000 18.520000 0.797849
5 8 11 0 0.158750 13.980000 1.203200 4.793675 0.000000 1461.000000 19.719999 0.949484
5 8 11 30 0.157000 13.990000 1.125600 4.793675 0.000000 1320.000000 20.469999 1.067748
5 8 12 0 0.157500 14.020000 0.708840 4.793675 0.000000 849.000000 20.270000 1.139579
5 8 12 30 0.157500 14.050000 1.122600 4.793675 0.000000 1636.000000 21.110001 1.271478
5 8 13 0 0.156250 14.080000 0.775150 4.793675 0.000000 1304.000000 21.730000 1.381058
5 8 13 30 0.156250 14.110000 1.058600 4.793675 0.000000 1082.000000 21.510000 1.311716
5 8 14 0 0.155750 14.140000 1.041900 4.793675 0.000000 1486.000000 22.010000 1.410365
5 8 14 30 0.155250 14.170000 1.903300 4.793675 0.000000 1685.000000 22.830000 1.613574
5 8 15 0 0.155250 14.200000 0.979060 4.793675 0.000000 1072.000000 22.440001 1.489488
5 8 15 30 0.155250 14.240000 1.337200 4.793675 0.000000 1171.000000 21.920000 1.428835
5 8 16 0 0.155250 14.270000 1.510800 4.793675 0.000000 1337.000000 23.190001 1.670768
5 8 16 30 0.155000 14.300000 1.254900 4.793675 0.000000 1163.000000 23.160000 1.668819
5 8 17 0 0.155250 14.340000 1.111500 4.793675 0.000000 697.099980 22.549999 1.542617
5 8 17 30 0.155750 14.370000 0.463680 4.793675 0.000000 541.400020 23.240000 1.570330
5 8 18 0 0.155750 14.390000 0.472710 4.793675 0.000000 312.299990 23.760000 1.500825
5 8 18 30 0.157000 14.420000 0.278270 4.793675 0.000000 184.300000 20.680000 0.710619
5 8 19 0 0.157000 14.440000 0.293270 4.793675 0.000000 54.490002 18.680000 0.442184
5 9 5 30 0.162000 14.190000 0.849360 4.813342 0.000000 3.471000 11.440000 0.044772
5 9 6 0 0.161000 14.170000 0.639410 4.813342 0.000000 27.900000 11.580000 0.044018
5 9 6 30 0.161000 14.160000 0.307250 4.813342 0.000000 77.400002 11.990000 0.040373
5 9 7 0 0.160750 14.140000 0.369700 4.813342 0.000000 134.700000 12.720000 0.037644
5 9 7 30 0.160250 14.130000 0.297380 4.813342 0.000000 188.399990 13.760000 0.033025
5 9 8 0 0.160000 14.120000 0.283970 4.813342 0.000000 341.000000 15.010000 0.091710
5 9 8 30 0.159250 14.100000 0.415920 4.813342 0.000000 531.200010 17.110001 0.275938
5 9 9 0 0.158750 14.100000 0.625410 4.813342 0.000000 803.000000 18.580000 0.476569
5 9 9 30 0.157750 14.100000 1.228400 4.813342 0.000000 1350.000000 20.070000 0.625643
5 9 10 0 0.156250 14.110000 1.532100 4.813342 0.000000 1261.000000 21.129999 0.814707
5 9 10 30 0.155000 14.120000 1.689400 4.813342 0.000000 1571.000000 21.910000 0.939310
5 9 11 0 0.154250 14.150000 1.274800 4.813342 0.000000 1286.000000 21.790001 0.916939
5 9 11 30 0.154250 14.180000 1.627900 4.813342 0.000000 1476.000000 22.190001 0.985122
5 9 12 0 0.153250 14.210000 1.202000 4.813342 0.000000 1242.000000 22.940001 1.127548
5 9 12 30 0.153000 14.250000 1.870500 4.813342 0.000000 1631.000000 23.430000 1.283002
5 9 13 0 0.152500 14.290000 1.497600 4.813342 0.000000 1686.000000 24.270000 1.449037
5 9 13 30 0.152500 14.330000 1.722900 4.813342 0.000000 850.000000 23.590000 1.330296
5 9 14 0 0.152500 14.380000 1.706200 4.813342 0.000000 1242.000000 24.100000 1.436512
5 9 14 30 0.151750 14.420000 2.088700 4.813342 0.000000 1419.000000 24.709999 1.575826
5 9 15 0 0.151750 14.470000 1.054500 4.813342 0.000000 1539.000000 25.469999 1.706479
5 9 15 30 0.151750 14.510000 1.644700 4.813342 0.000000 1047.000000 25.240000 1.689184
5 9 16 0 0.151750 14.560000 1.037000 4.813342 0.000000 1029.000000 26.020000 1.886690
5 9 16 30 0.152000 14.600000 1.133700 4.813342 0.000000 403.700010 24.370001 1.426805
5 9 17 0 0.152750 14.640000 1.300200 4.813342 0.000000 788.000000 24.670000 1.501278
5 9 17 30 0.152750 14.670000 1.302700 4.813342 0.000000 633.099980 25.200001 1.606971
5 9 18 0 0.153000 14.700000 1.171100 4.813342 0.000000 414.000000 24.780001 1.475664
5 9 18 30 0.153000 14.730000 1.211400 4.813342 0.000000 219.700000 23.610001 1.235332
5 9 19 0 0.153500 14.750000 0.845530 4.813342 0.000000 74.699997 22.100000 0.875425
5 10 5 30 0.159750 14.500000 0.280060 4.823005 0.000000 8.950000 10.050000 0.050702
5 10 6 0 0.159750 14.470000 0.590670 4.823005 0.000000 80.000000 10.500000 0.047141
5 10 6 30 0.159500 14.440000 0.577700 4.823005 0.000000 214.200000 12.210000 0.036284
5 10 7 0 0.159250 14.410000 0.375880 4.823005 0.000000 386.600010 14.370000 0.022737
5 10 7 30 0.159000 14.390000 0.467960 4.823005 0.000000 414.200010 16.350000 0.016199
5 10 8 0 0.157250 14.370000 0.371980 4.823005 0.000000 460.000000 17.879999 0.119671
5 10 8 30 0.156750 14.360000 1.106500 4.823005 0.000000 742.000000 19.559999 0.341800
5 10 9 0 0.155750 14.350000 1.562400 4.823005 0.000000 723.000000 20.450001 0.563046
5 10 9 30 0.154750 14.350000 1.185800 4.823005 0.000000 825.000000 21.600000 0.785851
5 10 10 0 0.154000 14.360000 1.591200 4.823005 0.000000 1146.000000 22.969999 1.060428
5 10 10 30 0.152750 14.380000 1.916700 4.823005 0.000000 1500.000000 23.570000 1.185876
5 10 11 0 0.151500 14.400000 1.917700 4.823005 0.000000 1683.000000 24.350000 1.360078
5 10 11 30 0.150750 14.420000 1.685800 4.823005 0.000000 1783.000000 25.090000 1.453111
5 10 12 0 0.150250 14.460000 1.475900 4.823005 0.000000 1332.000000 25.250000 1.484776
5 10 12 30 0.150250 14.510000 1.376500 4.823005 0.000000 1613.000000 25.629999 1.552952
5 10 13 0 0.149250 14.560000 2.280000 4.823005 0.000000 1939.000000 25.980000 1.625144
5 10 13 30 0.148750 14.610000 1.978000 4.823005 0.000000 1831.000000 26.260000 1.738192
5 10 14 0 0.149000 14.660000 1.631100 4.823005 0.000000 1097.000000 25.809999 1.661285
5 10 14 30 0.149000 14.710000 1.413300 4.823005 0.000000 1120.000000 25.910000 1.684443
5 10 15 0 0.149000 14.770000 1.456600 4.823005 0.000000 1566.000000 27.400000 2.013071
5 10 15 30 0.149000 14.820000 1.803900 4.823005 0.000000 407.299990 25.620001 1.618132
5 10 16 0 0.150000 14.870000 2.190400 4.823005 0.000000 1019.000000 25.440001 1.545392
5 10 16 30 0.150000 14.910000 2.566600 4.823005 0.000000 769.000000 25.600000 1.632438
5 10 17 0 0.150000 14.950000 2.304800 4.823005 0.000000 388.100010 24.820000 1.524307
5 10 17 30 0.150250 14.990000 1.711600 4.823005 0.000000 236.300000 23.879999 1.254101
5 10 18 0 0.150750 15.020000 1.108400 4.823005 0.000000 151.300000 23.350000 1.120859
5 10 18 30 0.150750 15.040000 0.766770 4.823005 0.000000 69.089996 22.719999 0.923543
5 10 19 0 0.151250 15.060000 0.753340 4.823005 0.000000 16.780001 21.600000 0.682719
5 11 5 30 0.155750 14.950000 0.484030 4.832663 0.000000 10.310000 14.240000 0.052803
5 11 6 0 0.156000 14.940000 0.457920 4.832663 0.000000 76.500000 14.020000 0.045840
5 11 6 30 0.156000 14.920000 0.481480 4.832663 0.000000 204.399990 15.330000 0.028342
5 11 7 0 0.156000 14.910000 0.549450 4.832663 0.000000 380.700010 17.820000 0.117655
5 11 7 30 0.154500 14.900000 0.875980 4.832663 0.000000 343.500000 18.920000 0.263449
5 11 8 0 0.154500 14.880000 1.424300 4.832663 0.000000 753.000000 19.900000 0.374270
5 11 8 30 0.153250 14.880000 2.028500 4.832663 0.000000 979.000000 21.370001 0.578328
5 11 9 0 0.153000 14.870000 1.201000 4.832663 0.000000 1154.000000 22.719999 0.782766
5 11 9 30 0.151250 14.880000 1.211700 4.832663 0.000000 1324.000000 23.570000 0.927834
5 11 10 0 0.150000 14.890000 0.913230 4.832663 0.000000 1468.000000 25.230000 1.221254
5 11 10 30 0.149750 14.910000 0.919830 4.832663 0.000000 1598.000000 26.090000 1.466051
5 11 11 0 0.148500 14.930000 1.184100 4.832663 0.000000 1698.000000 26.740000 1.658122
5 11 11 30 0.147750 14.950000 1.237200 4.832663 0.000000 1781.000000 27.660000 1.998286
5 11 12 0 0.146500 14.870000 1.557500 4.832663 0.000000 1842.000000 28.010000 2.137498
5 11 12 30 0.146250 14.920000 1.219400 4.832663 0.000000 1784.000000 28.350000 2.252140
5 11 13 0 0.146250 14.970000 1.175100 4.832663 0.000000 1703.000000 28.780001 2.344633
5 11 13 30 0.146250 15.030000 1.689800 4.832663 0.000000 1692.000000 28.910000 2.318383
5 11 14 0 0.146250 15.090000 1.445600 4.832663 0.000000 1235.000000 28.540001 2.177488
5 11 14 30 0.146250 15.140000 2.058400 4.832663 0.000000 1533.000000 29.020000 2.302721
5 11 15 0 0.146000 15.200000 1.968700 4.832663 0.000000 1401.000000 29.100000 2.188766
5 11 15 30 0.146000 15.250000 2.400000 4.832663 0.000000 891.000000 28.330000 2.060933
5 11 16 0 0.146250 15.310000 1.932900 4.832663 0.000000 858.000000 28.280001 2.037262
5 11 16 30 0.146500 15.360000 1.248100 4.832663 0.000000 700.000000 28.370001 2.053470
5 11 17 0 0.146500 15.400000 1.409900 4.832663 0.000000 791.000000 29.030001 2.203697
5 11 17 30 0.147000 15.440000 1.285100 4.832663 0.000000 547.200010 29.000000 2.234130
5 11 18 0 0.147000 15.470000 0.991590 4.832663 0.000000 351.799990 28.150000 2.041531
5 11 18 30 0.148250 15.500000 0.776850 4.832663 0.000000 221.100010 28.020000 1.852687
5 11 19 0 0.148250 15.530000 0.456710 4.832663 0.000000 76.099998 26.250000 1.295001
5 12 5 30 0.153000 15.500000 1.051300 4.842315 0.000000 11.680000 15.250000 0.115422
5 12 6 0 0.153750 15.480000 0.828920 4.842315 0.000000 80.300003 15.220000 0.092974
5 12 6 30 0.153750 15.470000 0.919820 4.842315 0.000000 226.000000 16.510000 0.144580
5 12 7 0 0.153000 15.450000 0.850460 4.842315 0.000000 320.399990 18.379999 0.286333
5 12 7 30 0.151750 15.430000 0.789280 4.842315 0.000000 477.700010 19.129999 0.356019
5 12 8 0 0.151750 15.420000 0.765430 4.842315 0.000000 532.000000 20.160000 0.442015
5 12 8 30 0.151000 15.410000 0.942320 4.842315 0.000000 927.000000 21.510000 0.615558
5 12 9 0 0.150500 15.410000 0.962340 4.842315 0.000000 1161.000000 23.209999 0.839512
5 12 9 30 0.149250 15.410000 1.280200 4.842315 0.000000 1320.000000 24.400000 1.026874
5 12 10 0 0.148750 15.420000 1.631800 4.842315 0.000000 1482.000000 25.080000 1.191790
5 12 10 30 0.147250 15.430000 1.453400 4.842315 0.000000 1610.000000 26.129999 1.442140
5 12 11 0 0.146500 15.450000 1.693000 4.842315 0.000000 1583.000000 26.730000 1.634421
5 12 11 30 0.145750 15.390000 2.086500 4.842315 0.000000 1577.000000 27.290001 1.813181
5 12 12 0 0.145500 15.390000 2.067300 4.842315 0.000000 1624.000000 27.450001 1.882124
5 12 12 30 0.145500 15.430000 1.563800 4.842315 0.000000 1349.000000 27.840000 1.888181
5 12 13 0 0.145500 15.480000 1.602400 4.842315 0.000000 1382.000000 28.110001 1.921470
5 12 13 30 0.145500 15.530000 1.357900 4.842315 0.000000 1156.000000 27.950001 1.865621
5 12 14 0 0.145500 15.570000 1.561000 4.842315 0.000000 362.899990 26.969999 1.733057
5 12 14 30 0.146750 15.630000 3.130500 4.842315 0.000000 126.100000 22.719999 0.683395
5 12 15 0 0.153500 15.840000 1.715700 4.842315 0.800000 74.300003 18.549999 0.119407
5 12 15 30 0.154250 15.870000 0.674630 4.842315 0.800000 850.000000 19.299999 0.105677
5 12 16 0 0.153250 15.890000 0.696680 4.842315 0.000000 859.000000 22.690001 0.470223
5 12 16 30 0.152750 15.920000 0.947380 4.842315 0.000000 626.099980 22.870001 0.382080
5 12 17 0 0.152250 15.940000 1.572300 4.842315 0.000000 910.000000 24.530001 0.689142
5 12 17 30 0.152000 15.960000 1.261500 4.842315 0.000000 423.299990 24.420000 0.716027
5 12 18 0 0.152250 15.980000 1.648200 4.842315 0.000000 179.000000 23.850000 0.640029
5 12 18 30 0.152250 16.000000 1.436000 4.842315 0.000000 30.830000 21.700001 0.621283
5 12 19 0 0.153500 16.020000 0.422170 4.842315 0.000000 28.780001 19.610001 0.137214
5 13 5 30 0.155000 15.790000 1.959500 4.841961 0.000000 12.640000 14.310000 0.272490
5 13 6 0 0.156000 15.770000 1.814200 4.841961 0.000000 83.699997 13.910000 0.330670
5 13 6 30 0.156500 15.740000 1.936700 4.841961 0.000000 218.600010 14.090000 0.392524
5 13 7 0 0.156000 15.720000 2.159700 4.841961 0.000000 405.200010 14.600000 0.466235
5 13 7 30 0.156000 15.690000 1.886700 4.841961 0.000000 606.599980 15.360000 0.598401
5 13 8 0 0.155500 15.660000 2.114700 4.841961 0.000000 814.000000 16.129999 0.719916
5 13 8 30 0.155500 15.630000 2.249400 4.841961 0.000000 1016.000000 16.389999 0.782182
5 13 9 0 0.154750 15.610000 2.308400 4.841961 0.000000 1196.000000 16.799999 0.822074
5 13 9 30 0.154250 15.590000 2.255000 4.841961 0.000000 1342.000000 17.350000 0.879418
5 13 10 0 0.153500 15.570000 1.698000 4.841961 0.000000 1550.000000 17.840000 0.941664
5 13 10 30 0.152750 15.550000 2.576000 4.841961 0.000000 1701.000000 18.480000 1.007221
5 13 11 0 0.151750 15.530000 2.520100 4.841961 0.000000 1614.000000 18.740000 1.027731
5 13 11 30 0.151750 15.530000 2.159400 4.841961 0.000000 1224.000000 18.620001 1.009407
5 13 12 0 0.151500 15.530000 1.832800 4.841961 0.000000 1133.000000 18.910000 1.067274
5 13 12 30 0.150500 15.530000 2.554200 4.841961 0.000000 1882.000000 19.840000 1.211504
5 13 13 0 0.150500 15.540000 2.496800 4.841961 0.000000 1707.000000 20.290001 1.297118
5 13 13 30 0.150000 15.550000 2.548700 4.841961 0.000000 1510.000000 20.639999 1.379325
5 13 14 0 0.149750 15.560000 2.514300 4.841961 0.000000 1879.000000 21.360001 1.567641
5 13 14 30 0.149750 15.570000 2.458000 4.841961 0.000000 1338.000000 21.010000 1.570324
5 13 15 0 0.149500 15.590000 2.809600 4.841961 0.000000 1438.000000 21.520000 1.650087
5 13 15 30 0.149500 15.610000 2.292400 4.841961 0.000000 1421.000000 21.809999 1.740556
5 13 16 0 0.149500 15.620000 2.923500 4.841961 0.000000 1269.000000 21.790001 1.753713
5 13 16 30 0.149500 15.640000 2.330900 4.841961 0.000000 1096.000000 21.930000 1.798730
5 13 17 0 0.149500 15.650000 2.342800 4.841961 0.000000 897.000000 22.030001 1.831200
5 13 17 30 0.149500 15.660000 1.916800 4.841961 0.000000 679.599980 21.969999 1.839211
5 13 18 0 0.149500 15.660000 1.468300 4.841961 0.000000 470.299990 21.480000 1.752574
5 13 18 30 0.150250 15.670000 0.935620 4.841961 0.000000 263.899990 20.700001 1.461062
5 13 19 0 0.151000 15.670000 0.436820 4.841961 0.000000 98.300003 18.730000 0.940809
5 14 5 30 0.158500 14.910000 1.262900 4.851599 0.000000 13.940000 4.257000 0.077792
5 14 6 0 0.158500 14.860000 0.991940 4.851599 0.000000 93.099998 4.808000 0.074183
5 14 6 30 0.158500 14.810000 1.762200 4.851599 0.000000 247.899990 6.501000 0.066785
5 14 7 0 0.158000 14.760000 1.595500 4.851599 0.000000 432.500000 9.420000 0.118729
5 14 7 30 0.157250 14.720000 1.372100 4.851599 0.000000 628.799990 12.080000 0.339972
5 14 8 0 0.156000 14.680000 1.555300 4.851599 0.000000 830.000000 14.580000 0.713404
5 14 8 30 0.154750 14.640000 1.800500 4.851599 0.000000 1027.000000 15.850000 0.946017
5 14 9 0 0.153500 14.610000 1.677200 4.851599 0.000000 1211.000000 17.129999 1.158901
5 14 9 30 0.151750 14.590000 1.903700 4.851599 0.000000 1378.000000 18.180000 1.366858
5 14 10 0 0.150500 14.570000 1.835200 4.851599 0.000000 1525.000000 18.500000 1.460117
5 14 10 30 0.149500 14.560000 2.030200 4.851599 0.000000 1647.000000 19.059999 1.529249
5 14 11 0 0.148000 14.550000 2.002300 4.851599 0.000000 1746.000000 19.580000 1.581340
5 14 11 30 0.147750 14.550000 1.521900 4.851599 0.000000 1815.000000 20.100000 1.640552
5 14 12 0 0.147000 14.550000 1.527500 4.851599 0.000000 1732.000000 20.200001 1.640489
5 14 12 30 0.147000 14.560000 1.856000 4.851599 0.000000 1900.000000 20.870001 1.734958
5 14 13 0 0.146500 14.580000 2.335800 4.851599 0.000000 1875.000000 21.150000 1.806024
5 14 13 30 0.146000 14.610000 2.100900 4.851599 0.000000 1849.000000 21.920000 1.914972
5 14 14 0 0.145000 14.650000 2.038500 4.851599 0.000000 1792.000000 22.370001 2.011447
5 14 14 30 0.145000 14.680000 2.454600 4.851599 0.000000 1701.000000 22.490000 2.072616
5 14 15 0 0.145000 14.720000 2.167500 4.851599 0.000000 1513.000000 22.709999 2.113689
5 14 15 30 0.145000 14.760000 1.905700 4.851599 0.000000 1399.000000 23.150000 2.181818
5 14 16 0 0.145500 14.800000 2.954400 4.851599 0.000000 1251.000000 22.770000 2.157482
5 14 16 30 0.145500 14.830000 1.122200 4.851599 0.000000 961.000000 23.250000 2.205967
5 14 17 0 0.145500 14.860000 1.751900 4.851599 0.000000 875.000000 23.180000 2.187537
5 14 17 30 0.146000 14.880000 0.947580 4.851599 0.000000 364.899990 22.120001 1.950765
5 14 18 0 0.146750 14.910000 0.376240 4.851599 0.000000 401.899990 22.110001 1.707609
5 14 18 30 0.146750 14.930000 0.425640 4.851599 0.000000 186.000000 20.910000 1.176174
5 14 19 0 0.147250 14.950000 0.342740 4.851599 0.000000 63.910000 17.990000 0.678169
5 15 5 30 0.152000 14.490000 0.875350 4.861228 0.000000 2.622000 12.910000 0.652957
5 15 6 0 0.152000 14.470000 1.057700 4.861228 0.000000 12.500000 12.880000 0.638113
5 15 6 30 0.151750 14.450000 0.797040 4.861228 0.000000 81.900002 13.170000 0.549550
5 15 7 0 0.151750 14.430000 0.681840 4.861228 0.000000 97.400002 13.090000 0.446475
5 15 7 30 0.151500 14.410000 0.702430 4.861228 0.000000 79.400002 13.010000 0.284558
5 15 8 0 0.150750 14.400000 0.608680 4.861228 0.000000 133.100010 12.990000 0.214055
5 15 8 30 0.150750 14.390000 0.490850 4.861228 0.000000 243.700000 14.100000 0.280155
5 15 9 0 0.150250 14.380000 0.675710 4.861228 0.000000 319.799990 15.250000 0.416720
5 15 9 30 0.150000 14.370000 1.116200 4.861228 0.000000 300.799990 16.100000 0.526243
5 15 10 0 0.149750 14.370000 0.839880 4.861228 0.000000 262.000000 16.070000 0.419629
5 15 10 30 0.149000 14.370000 1.040000 4.861228 0.000000 603.700010 17.170000 0.615092
5 15 11 0 0.148500 14.370000 0.942430 4.861228 0.000000 625.599980 19.040001 1.049191
5 15 11 30 0.148500 14.380000 0.624020 4.861228 0.000000 242.899990 18.530001 0.654568
5 15 12 0 0.148500 14.390000 0.973850 4.861228 0.000000 576.200010 18.290001 0.763866
5 15 12 30 0.147500 14.400000 0.758160 4.861228 0.000000 1137.000000 20.379999 1.234278
5 15 13 0 0.146750 14.410000 1.101300 4.861228 0.000000 1398.000000 21.150000 1.618915
5 15 13 30 0.145500 14.430000 0.579290 4.861228 0.000000 852.000000 21.160000 1.537012
5 15 14 0 0.146000 14.450000 0.500540 4.861228 0.000000 734.000000 21.040001 1.479816
5 15 14 30 0.145500 14.470000 0.895760 4.861228 0.000000 1445.000000 21.940001 1.642861
5 15 15 0 0.145500 14.500000 1.134400 4.861228 0.000000 1303.000000 22.459999 1.653628
5 15 15 30 0.145000 14.530000 1.001500 4.861228 0.000000 914.000000 22.010000 1.514525
5 15 16 0 0.144500 14.560000 0.777240 4.861228 0.000000 676.599980 21.910000 1.436974
5 15 16 30 0.145000 14.580000 1.081900 4.861228 0.000000 837.000000 21.940001 1.399627
5 15 17 0 0.145000 14.610000 1.267600 4.861228 0.000000 763.000000 22.100000 1.420357
5 15 17 30 0.145000 14.640000 0.749640 4.861228 0.000000 339.000000 21.500000 1.231295
5 15 18 0 0.145000 14.660000 0.730360 4.861228 0.000000 167.700000 20.580000 0.849909
5 15 18 30 0.146000 14.680000 0.997960 4.861228 0.000000 74.500000 19.639999 0.722169
5 15 19 0 0.146250 14.710000 1.104200 4.861228 0.000000 28.940001 19.209999 0.823000
5 16 5 30 0.225750 15.170000 0.804450 4.870848 0.000000 5.271000 13.600000 0.027760
5 16 6 0 0.226000 15.150000 1.364100 4.870848 0.000000 35.180000 13.650000 0.025879
5 16 6 30 0.225750 15.130000 1.009000 4.870848 0.000000 68.750000 13.830000 0.024702
5 16 7 0 0.225250 15.110000 1.302200 4.870848 0.000000 155.300000 14.080000 0.024654
5 16 7 30 0.225250 15.100000 1.130700 4.870848 0.000000 239.100010 14.460000 0.023781
5 16 8 0 0.224500 15.090000 1.312700 4.870848 0.000000 290.000000 14.590000 0.027899
5 16 8 30 0.224250 15.080000 1.249400 4.870848 0.000000 415.600010 14.930000 0.061351
5 16 9 0 0.224500 15.080000 0.669270 4.870848 0.000000 327.100010 15.230000 0.092953
5 16 9 30 0.224750 15.070000 0.531910 4.870848 0.000000 321.299990 15.510000 0.104682
5 16 10 0 0.224000 15.070000 0.912980 4.870848 0.000000 350.500000 15.630000 0.115165
5 16 10 30 0.223500 15.060000 1.127300 4.870848 0.000000 226.800000 15.330000 0.113628
5 16 11 0 0.223750 15.060000 0.755890 4.870848 0.642000 280.399990 15.000000 0.098547
5 16 11 30 0.224250 15.060000 0.582260 4.870848 0.642000 290.899990 14.860000 0.083594
5 16 12 0 0.225500 15.070000 0.673170 4.870848 0.535000 338.799990 14.990000 0.074725
5 16 12 30 0.226500 15.080000 1.771900 4.870848 0.321000 457.799990 15.130000 0.081135
5 16 13 0 0.227500 15.090000 2.482200 4.870848 0.214000 308.100010 14.880000 0.085230
5 16 13 30 0.227750 15.100000 1.666300 4.870848 0.000000 424.299990 15.000000 0.076396
5 16 14 0 0.227750 15.110000 0.978500 4.870848 0.000000 518.000000 15.590000 0.106344
5 16 14 30 0.227750 15.110000 0.773970 4.870848 0.000000 288.000000 15.390000 0.087372
5 16 15 0 0.228000 15.110000 1.423700 4.870848 0.000000 367.299990 15.570000 0.157627
5 16 15 30 0.228500 15.120000 1.504500 4.870848 0.000000 503.899990 15.460000 0.215321
5 16 16 0 0.227750 15.120000 1.605100 4.870848 0.000000 789.000000 16.330000 0.305792
5 16 16 30 0.227750 15.120000 1.076900 4.870848 0.000000 241.600010 15.870000 0.374458
5 16 17 0 0.228250 15.130000 0.282400 4.870848 0.000000 116.600000 15.340000 0.174577
5 16 17 30 0.228000 15.130000 0.722250 4.870848 0.000000 99.199997 15.000000 0.127515
5 16 18 0 0.228000 15.130000 0.803680 4.870848 0.107000 81.400002 14.680000 0.087420
5 16 18 30 0.228250 15.140000 0.768260 4.870848 0.321000 25.120001 14.370000 0.060367
5 16 19 0 0.228250 15.140000 0.741770 4.870848 0.107000 16.320000 14.030000 0.052190
5 17 5 30 0.233000 15.000000 1.218647 4.870457 0.000000 0.724000 11.590000 0.043964
5 17 6 0 0.233000 14.990000 1.637727 4.870457 0.000000 9.040000 11.230000 0.045892
5 17 6 30 0.233500 14.970000 1.665666 4.870457 0.000000 29.910000 10.920000 0.046215
5 17 7 0 0.233500 14.960000 1.295478 4.870457 0.000000 68.349998 10.950000 0.046056
5 17 7 30 0.233500 14.950000 1.099907 4.870457 0.000000 237.899990 11.340000 0.043965
5 17 8 0 0.233750 14.930000 1.337386 4.870457 0.107000 175.200000 11.550000 0.049622
5 17 8 30 0.233750 14.910000 1.128006 4.870457 0.000000 176.200000 11.440000 0.060980
5 17 9 0 0.234000 14.900000 1.166300 4.870457 0.000000 273.100010 11.840000 0.075885
5 17 9 30 0.234000 14.890000 1.363359 4.870457 0.000000 273.600010 12.060000 0.090634
5 17 10 0 0.233500 14.880000 2.302800 4.870457 0.000000 252.800000 12.340000 0.097146
5 17 10 30 0.233500 14.860000 1.690200 4.870457 0.000000 267.799990 12.490000 0.112784
5 17 11 0 0.233000 14.850000 0.902150 4.870457 0.000000 197.500000 12.580000 0.125811
5 17 11 30 0.233000 14.830000 0.943160 4.870457 0.000000 271.399990 12.700000 0.103798
5 17 12 0 0.233000 14.830000 1.691500 4.870457 0.000000 600.599980 13.160000 0.119762
5 17 12 30 0.233000 14.820000 1.630300 4.870457 0.000000 438.500000 13.440000 0.130432
5 17 13 0 0.232750 14.820000 1.660700 4.870457 0.000000 519.000000 13.780000 0.136834
5 17 13 30 0.232750 14.810000 1.416000 4.870457 0.000000 409.700010 13.920000 0.146469
5 17 14 0 0.232750 14.800000 1.259900 4.870457 0.000000 359.600010 14.110000 0.145117
5 17 14 30 0.233250 14.800000 1.174700 4.870457 0.000000 338.000000 14.330000 0.145394
5 17 15 0 0.233000 14.800000 1.374900 4.870457 0.000000 389.799990 14.560000 0.155625
5 17 15 30 0.233000 14.800000 1.732200 4.870457 0.000000 249.100010 14.450000 0.148835
5 17 16 0 0.233000 14.800000 1.711000 4.870457 0.000000 292.000000 14.570000 0.144042
5 17 16 30 0.233000 14.810000 1.396800 4.870457 0.000000 179.100010 14.610000 0.137443
5 17 17 0 0.233000 14.810000 1.282900 4.870457 0.000000 153.200000 14.600000 0.129132
5 17 17 30 0.232500 14.810000 1.159800 4.870457 0.000000 73.099998 14.420000 0.114321
5 17 18 0 0.232500 14.810000 1.141600 4.870457 0.000000 50.240002 14.220000 0.103127
5 17 18 30 0.233250 14.810000 1.214600 4.870457 0.000000 22.740000 14.050000 0.088953
5 17 19 0 0.233750 14.810000 1.224600 4.870457 0.000000 13.960000 13.900000 0.073439
5 18 5 30 0.234750 14.790000 0.381310 4.880055 0.000000 4.368000 13.730000 0.025357
5 18 6 0 0.234750 14.790000 0.796480 4.880055 0.000000 18.100000 13.920000 0.024110
5 18 6 30 0.234750 14.790000 0.698120 4.880055 0.000000 31.139999 14.140000 0.021036
5 18 7 0 0.234750 14.780000 1.128400 4.880055 0.000000 77.300003 14.410000 0.019189
5 18 7 30 0.234750 14.780000 0.711240 4.880055 0.000000 99.000000 14.680000 0.017313
5 18 8 0 0.234500 14.780000 1.212500 4.880055 0.000000 144.899990 14.960000 0.017037
5 18 8 30 0.234000 14.780000 1.382600 4.880055 0.000000 348.399990 15.720000 0.013382
5 18 9 0 0.234000 14.780000 1.198900 4.880055 0.000000 382.200010 16.469999 0.039695
5 18 9 30 0.234000 14.780000 0.817410 4.880055 0.000000 378.200010 17.379999 0.080196
5 18 10 0 0.233000 14.790000 1.413300 4.880055 0.000000 468.600010 17.950001 0.103197
5 18 10 30 0.232500 14.800000 1.350600 4.880055 0.000000 717.000000 18.930000 0.134556
5 18 11 0 0.231750 14.810000 1.507100 4.880055 0.000000 940.000000 20.170000 0.208453
5 18 11 30 0.231250 14.820000 1.676400 4.880055 0.000000 1072.000000 21.090000 0.270749
5 18 12 0 0.230500 14.830000 1.899800 4.880055 0.000000 1431.000000 22.059999 0.372422
5 18 12 30 0.229250 14.840000 2.014200 4.880055 0.000000 1822.000000 23.219999 0.475764
5 18 13 0 0.228000 14.870000 2.128400 4.880055 0.000000 1749.000000 24.049999 0.562498
5 18 13 30 0.227250 14.910000 1.642900 4.880055 0.000000 1821.000000 24.870001 0.694421
5 18 14 0 0.226750 14.930000 1.590900 4.880055 0.000000 1740.000000 26.139999 0.871088
5 18 14 30 0.226000 14.980000 1.828300 4.880055 0.000000 1624.000000 26.610001 0.958221
5 18 15 0 0.225750 15.030000 2.252000 4.880055 0.000000 1490.000000 27.150000 1.024616
5 18 15 30 0.225250 15.090000 1.941900 4.880055 0.000000 1307.000000 27.629999 1.090915
5 18 16 0 0.225250 15.160000 1.728800 4.880055 0.000000 1128.000000 27.930000 1.104207
5 18 16 30 0.225000 15.220000 1.721300 4.880055 0.000000 1017.000000 28.440001 1.207344
5 18 17 0 0.224500 15.290000 1.801700 4.880055 0.000000 755.000000 28.340000 1.247324
5 18 17 30 0.224500 15.340000 2.092200 4.880055 0.000000 564.799990 27.860001 1.381299
5 18 18 0 0.224500 15.400000 1.781900 4.880055 0.000000 403.100010 27.469999 1.303186
5 18 18 30 0.224500 15.460000 1.024400 4.880055 0.000000 246.200000 27.020000 1.135525
5 18 19 0 0.225000 15.220000 0.858000 4.880055 0.000000 92.900002 25.670000 0.633186
5 19 5 30 0.227750 15.700000 0.877270 4.889641 0.000000 18.059999 18.490000 0.325725
5 19 6 0 0.227750 15.790000 0.741800 4.889641 0.000000 97.900002 18.860001 0.410939
5 19 6 30 0.227750 15.760000 0.885200 4.889641 0.000000 241.200000 19.549999 0.498445
5 19 7 0 0.227750 15.760000 1.014000 4.889641 0.000000 407.100010 20.850000 0.667525
5 19 7 30 0.227500 15.760000 0.841290 4.889641 0.000000 599.599980 22.230000 0.817080
5 19 8 0 0.226000 15.750000 0.944350 4.889641 0.000000 806.000000 24.510000 0.999006
5 19 8 30 0.225250 15.740000 1.335200 4.889641 0.000000 998.000000 25.459999 1.189159
5 19 9 0 0.224500 15.730000 1.390200 4.889641 0.000000 1193.000000 26.389999 1.366244
5 19 9 30 0.223250 15.730000 1.407300 4.889641 0.000000 1351.000000 27.340000 1.517840
5 19 10 0 0.222000 15.730000 1.818400 4.889641 0.000000 1493.000000 27.840000 1.735827
5 19 10 30 0.220500 15.740000 2.088600 4.889641 0.000000 1619.000000 28.260000 1.858195
5 19 11 0 0.219000 15.770000 1.784000 4.889641 0.000000 1716.000000 28.990000 1.941159
5 19 11 30 0.218250 15.800000 1.637200 4.889641 0.000000 1788.000000 29.610001 2.124707
5 19 12 0 0.217500 15.800000 1.701600 4.889641 0.000000 1835.000000 29.879999 2.209090
5 19 12 30 0.216750 15.630000 1.194400 4.889641 0.000000 1580.000000 29.950001 2.274592
5 19 13 0 0.216750 15.690000 1.414400 4.889641 0.000000 1841.000000 30.549999 2.460995
5 19 13 30 0.215000 15.740000 1.636300 4.889641 0.000000 1860.000000 30.860001 2.555758
5 19 14 0 0.215000 15.800000 1.454300 4.889641 0.000000 1759.000000 31.100000 2.628546
5 19 14 30 0.214000 15.870000 1.157400 4.889641 0.000000 1581.000000 31.260000 2.686555
5 19 15 0 0.214000 15.930000 1.183500 4.889641 0.000000 1507.000000 32.009998 2.804089
5 19 15 30 0.214000 15.990000 1.315200 4.889641 0.000000 1410.000000 31.650000 2.862800
5 19 16 0 0.213000 16.050000 1.570400 4.889641 0.000000 1204.000000 31.480000 2.830967
5 19 16 30 0.213000 16.110000 1.356800 4.889641 0.000000 1035.000000 31.490000 2.757678
5 19 17 0 0.213000 16.170000 1.495100 4.889641 0.000000 845.000000 31.160000 2.624875
5 19 17 30 0.213000 16.220000 0.526370 4.889641 0.000000 640.799990 32.330002 2.850557
5 19 18 0 0.213000 16.260000 0.583080 4.889641 0.000000 431.000000 31.500000 2.401465
5 19 18 30 0.213000 16.300000 0.374920 4.889641 0.000000 164.200000 29.950001 1.457379
5 19 19 0 0.213000 16.340000 0.529760 4.889641 0.000000 60.889999 26.490000 0.672229
5 20 5 30 0.215000 16.330000 1.100200 4.889214 0.000000 5.174000 18.469999 0.076957
5 20 6 0 0.215000 16.290000 0.749590 4.889214 0.000000 35.919998 18.420000 0.068640
5 20 6 30 0.215000 16.280000 0.852670 4.889214 0.000000 65.279999 18.639999 0.078581
5 20 7 0 0.215000 16.260000 1.411700 4.889214 0.000000 113.500000 18.940001 0.106124
5 20 7 30 0.215000 16.260000 1.094400 4.889214 0.000000 171.800000 19.250000 0.125811
5 20 8 0 0.214000 16.250000 1.044300 4.889214 0.000000 164.200000 19.530001 0.128080
5 20 8 30 0.214000 16.250000 0.932250 4.889214 0.000000 117.800000 19.490000 0.105438
5 20 9 0 0.214000 16.240000 0.422990 4.889214 0.000000 162.600010 19.530001 0.094040
5 20 9 30 0.214000 16.240000 0.625410 4.889214 0.000000 333.399990 20.110001 0.128164
5 20 10 0 0.214000 16.240000 0.739410 4.889214 0.000000 513.400020 20.740000 0.177171
5 20 10 30 0.213250 16.240000 0.597370 4.889214 0.000000 554.200010 21.549999 0.244050
5 20 11 0 0.212500 16.240000 1.240500 4.889214 0.000000 775.000000 22.049999 0.316619
5 20 11 30 0.212500 16.240000 1.121300 4.889214 0.000000 920.000000 22.520000 0.384877
5 20 12 0 0.211000 16.430000 1.450500 4.889214 0.000000 1050.000000 23.160000 0.488672
5 20 12 30 0.211000 16.510000 1.304400 4.889214 0.000000 812.000000 23.200001 0.481025
5 20 13 0 0.210750 16.510000 1.284400 4.889214 0.000000 988.000000 23.700001 0.535832
5 20 13 30 0.209750 16.530000 1.409200 4.889214 0.000000 861.000000 24.049999 0.589418
5 20 14 0 0.209750 16.550000 1.331300 4.889214 0.000000 821.000000 24.040001 0.583161
5 20 14 30 0.209750 16.570000 1.602500 4.889214 0.000000 925.000000 24.250000 0.622259
5 20 15 0 0.208750 16.600000 1.706900 4.889214 0.000000 1050.000000 24.459999 0.653067
5 20 15 30 0.208250 16.630000 1.578700 4.889214 0.000000 1153.000000 25.090000 0.762406
5 20 16 0 0.208250 16.650000 1.643300 4.889214 0.000000 955.000000 25.230000 0.790202
5 20 16 30 0.208000 16.680000 1.791800 4.889214 0.000000 878.000000 24.980000 0.745597
5 20 17 0 0.208000 16.710000 1.703700 4.889214 0.000000 707.000000 24.730000 0.692803
5 20 17 30 0.208000 16.740000 2.191500 4.889214 0.000000 617.000000 24.820000 0.692727
5 20 18 0 0.208000 16.760000 2.189000 4.889214 0.000000 326.399990 23.950001 0.562856
5 20 18 30 0.208000 16.790000 2.077800 4.889214 0.000000 143.899990 23.080000 0.416392
5 20 19 0 0.208000 16.810000 1.450600 4.889214 0.000000 52.590000 22.400000 0.366751
5 21 5 30 0.209000 16.780000 0.959200 4.898773 0.000000 4.157000 18.770000 0.011101
5 21 6 0 0.209000 16.780000 1.221000 4.898773 0.000000 15.410000 19.010000 0.009369
5 21 6 30 0.209000 16.770000 1.199400 4.898773 0.000000 36.180000 19.270000 0.014165
5 21 7 0 0.208250 16.770000 1.409700 4.898773 0.000000 47.349998 19.440001 0.022004
5 21 7 30 0.208250 16.760000 1.335400 4.898773 0.133000 73.500000 19.700001 0.031781
5 21 8 0 0.208250 16.760000 0.944970 4.898773 0.133000 123.400000 19.629999 0.016204
5 21 8 30 0.208250 16.760000 1.464851 4.898773 0.000000 352.700010 20.090000 0.013034
5 21 9 0 0.208250 16.760000 2.572800 4.898773 0.000000 341.200010 20.350000 0.049408
5 21 9 30 0.207500 16.760000 2.542400 4.898773 0.000000 410.299990 20.770000 0.101309
5 21 10 0 0.207250 16.770000 2.100300 4.898773 0.000000 277.100010 20.820000 0.103691
5 21 10 30 0.207250 16.770000 2.238900 4.898773 0.000000 562.500000 21.469999 0.141158
5 21 11 0 0.206750 16.780000 2.312100 4.898773 0.000000 623.200010 22.120001 0.184363
5 21 11 30 0.206000 16.790000 2.647700 4.898773 0.000000 824.000000 23.230000 0.290930
5 21 12 0 0.205750 16.800000 2.639800 4.898773 0.000000 337.600010 22.629999 0.213660
5 21 12 30 0.205750 16.820000 2.709400 4.898773 0.000000 712.000000 22.950001 0.240573
5 21 13 0 0.205750 16.830000 2.182000 4.898773 0.000000 604.700010 23.549999 0.291247
5 21 13 30 0.204500 16.850000 2.289000 4.898773 0.000000 904.000000 24.530001 0.449034
5 21 14 0 0.204250 16.880000 2.108100 4.898773 0.133000 801.000000 24.450001 0.373963
5 21 14 30 0.204250 16.900000 2.308200 4.898773 0.000000 857.000000 25.100000 0.485702
5 21 15 0 0.203750 16.890000 2.296300 4.898773 0.000000 1211.000000 25.910000 0.633770
5 21 15 30 0.203000 16.950000 2.325200 4.898773 0.000000 809.000000 26.129999 0.691209
5 21 16 0 0.203000 16.850000 2.139900 4.898773 0.000000 926.000000 26.180000 0.692883
5 21 16 30 0.202500 16.770000 2.060200 4.898773 0.000000 346.799990 25.379999 0.559755
5 21 17 0 0.203000 16.800000 1.391300 4.898773 0.000000 703.000000 25.920000 0.607321
5 21 17 30 0.203000 16.840000 1.961700 4.898773 0.000000 363.200010 25.520000 0.628688
5 21 18 0 0.203000 16.870000 1.473500 4.898773 0.000000 150.100010 24.889999 0.540983
5 21 18 30 0.203000 16.900000 1.330400 4.898773 0.000000 150.200000 24.480000 0.438861
5 21 19 0 0.203000 16.920000 1.150500 4.898773 0.000000 96.099998 23.920000 0.286069
5 22 5 30 0.203750 17.170000 1.364700 4.908317 0.000000 19.950001 19.309999 0.101188
5 22 6 0 0.203750 17.160000 1.234200 4.908317 0.000000 91.000000 19.680000 0.118939
5 22 6 30 0.203750 17.080000 1.531900 4.908317 0.000000 206.899990 20.219999 0.156602
5 22 7 0 0.203500 17.140000 1.863200 4.908317 0.000000 413.000000 21.230000 0.241754
5 22 7 30 0.203000 17.130000 2.245700 4.908317 0.000000 568.799990 21.730000 0.281742
5 22 8 0 0.202750 17.130000 2.391400 4.908317 0.000000 686.700010 22.580000 0.374875
5 22 8 30 0.201750 17.120000 2.829800 4.908317 0.000000 863.000000 23.190001 0.435371
5 22 9 0 0.201000 17.120000 2.696500 4.908317 0.000000 1104.000000 24.330000 0.579020
5 22 9 30 0.200250 17.120000 2.884800 4.908317 0.000000 1276.000000 25.360001 0.733904
5 22 10 0 0.199250 17.120000 2.661300 4.908317 0.000000 1472.000000 26.219999 0.898445
5 22 10 30 0.198250 17.140000 2.738700 4.908317 0.000000 1341.000000 26.730000 1.048305
5 22 11 0 0.197750 17.160000 2.594000 4.908317 0.000000 1173.000000 27.020000 1.096278
5 22 11 30 0.197500 17.200000 2.668600 4.908317 0.000000 1097.000000 27.049999 1.069395
5 22 12 0 0.197250 17.230000 3.239400 4.908317 0.000000 896.000000 27.260000 1.226193
5 22 12 30 0.197500 17.270000 2.204400 4.908317 0.000000 401.799990 26.139999 1.023530
5 22 13 0 0.197500 17.300000 2.103900 4.908317 0.000000 373.200010 25.379999 0.890070
5 22 13 30 0.197500 17.330000 2.617700 4.908317 0.000000 1074.000000 26.080000 1.033854
5 22 14 0 0.196000 17.350000 3.507300 4.908317 0.000000 1528.000000 27.650000 1.378952
5 22 14 30 0.195000 17.370000 3.251600 4.908317 0.000000 1288.000000 27.799999 1.509115
5 22 15 0 0.195000 17.410000 3.058200 4.908317 0.000000 704.000000 27.799999 1.618166
5 22 15 30 0.195000 17.430000 2.948000 4.908317 0.000000 736.000000 27.330000 2.052219
5 22 16 0 0.195000 17.460000 2.370300 4.908317 0.000000 788.000000 27.770000 2.100578
5 22 16 30 0.194500 17.490000 2.296400 4.908317 0.000000 359.500000 26.770000 1.809902
5 22 17 0 0.194500 17.450000 2.961700 4.908317 0.000000 128.600010 25.980000 1.644607
5 22 17 30 0.199500 17.470000 2.913000 4.908317 3.000000 20.090000 19.750000 0.323659
5 22 18 0 0.209750 17.580000 1.602700 4.908317 3.222000 17.629999 17.900000 0.062280
5 22 18 30 0.218000 17.600000 1.087300 4.908317 1.222000 34.599998 17.860001 0.033820
5 22 19 0 0.216000 17.620000 1.150900 4.908317 0.000000 12.850000 18.190001 0.021456
5 23 5 30 0.216750 17.410000 1.113000 4.917845 0.000000 15.040000 10.810000 0.075293
5 23 6 0 0.217000 17.400000 0.815010 4.917845 0.000000 119.000000 10.860000 0.063427
5 23 6 30 0.217000 17.370000 1.401700 4.917845 0.000000 292.000000 12.660000 0.109711
5 23 7 0 0.217000 17.330000 1.698600 4.917845 0.000000 481.799990 14.230000 0.271732
5 23 7 30 0.216250 17.290000 2.440100 4.917845 0.000000 683.400020 15.510000 0.428658
5 23 8 0 0.216000 17.240000 2.390600 4.917845 0.000000 883.000000 16.600000 0.524100
5 23 8 30 0.214750 17.200000 2.353100 4.917845 0.000000 1078.000000 17.400000 0.685805
5 23 9 0 0.214500 17.160000 3.312900 4.917845 0.000000 1258.000000 17.900000 0.877121
5 23 9 30 0.213500 17.120000 2.923700 4.917845 0.000000 1420.000000 18.650000 0.978201
5 23 10 0 0.212500 17.080000 2.850500 4.917845 0.000000 1559.000000 19.240000 1.035813
5 23 10 30 0.210750 17.060000 2.778000 4.917845 0.000000 1680.000000 19.570000 1.085172
5 23 11 0 0.210500 17.030000 2.348300 4.917845 0.000000 1779.000000 20.059999 1.151825
5 23 11 30 0.209250 17.010000 1.976600 4.917845 0.000000 1845.000000 20.730000 1.231086
5 23 12 0 0.208000 17.000000 1.899800 4.917845 0.000000 1905.000000 21.090000 1.297310
5 23 12 30 0.207250 17.000000 1.382100 4.917845 0.000000 1846.000000 22.030001 1.416962
5 23 13 0 0.207000 17.010000 1.315100 4.917845 0.000000 1447.000000 21.680000 1.361941
5 23 13 30 0.206750 17.020000 1.427500 4.917845 0.000000 1628.000000 22.379999 1.532381
5 23 14 0 0.205750 17.020000 1.302700 4.917845 0.000000 1883.000000 23.590000 1.869864
5 23 14 30 0.205250 17.030000 1.371300 4.917845 0.000000 1728.000000 23.610001 1.875709
5 23 15 0 0.204750 17.030000 1.274500 4.917845 0.000000 1628.000000 23.790001 1.871698
5 23 15 30 0.204750 17.040000 1.134100 4.917845 0.000000 930.000000 23.629999 1.738953
5 23 16 0 0.204750 17.040000 0.930090 4.917845 0.000000 1095.000000 23.190001 1.551402
5 23 16 30 0.204500 17.050000 1.244200 4.917845 0.000000 1075.000000 24.320000 1.905977
5 23 17 0 0.204000 17.060000 0.890330 4.917845 0.000000 962.000000 24.430000 1.958197
5 23 17 30 0.204000 17.070000 1.153100 4.917845 0.000000 726.000000 24.389999 1.797303
5 23 18 0 0.204250 17.080000 0.931670 4.917845 0.000000 512.900020 24.049999 1.754146
5 23 18 30 0.204250 17.090000 0.806480 4.917845 0.000000 305.899990 24.379999 1.630666
5 23 19 0 0.205000 17.100000 0.404610 4.917845 0.000000 131.600010 21.950001 0.963666
5 24 5 30 0.211250 16.670000 0.678210 4.927356 0.000000 25.190001 7.680000 0.097886
5 24 6 0 0.211250 16.630000 0.707730 4.927356 0.000000 120.900000 8.479999 0.092034
5 24 6 30 0.211250 16.590000 0.353070 4.927356 0.000000 277.299990 10.670000 0.079513
5 24 7 0 0.210750 16.540000 0.279290 4.927356 0.000000 464.000000 12.950000 0.068949
5 24 7 30 0.210250 16.500000 0.647010 4.927356 0.000000 666.000000 15.590000 0.099217
5 24 8 0 0.208750 16.470000 1.076500 4.927356 0.000000 864.000000 18.049999 0.520836
5 24 8 30 0.207000 16.430000 1.658000 4.927356 0.000000 1057.000000 20.209999 0.884875
5 24 9 0 0.205500 16.400000 1.943300 4.927356 0.000000 1236.000000 21.530001 1.112559
5 24 9 30 0.204750 16.370000 2.077600 4.927356 0.000000 1415.000000 22.340000 1.310104
5 24 10 0 0.203000 16.340000 1.997300 4.927356 0.000000 1496.000000 22.780001 1.461405
5 24 10 30 0.202000 16.320000 2.358200 4.927356 0.000000 1664.000000 23.240000 1.604884
5 24 11 0 0.200000 16.320000 2.650100 4.927356 0.000000 1763.000000 23.790001 1.801321
5 24 11 30 0.199500 16.310000 2.568200 4.927356 0.000000 1836.000000 24.389999 1.907197
5 24 12 0 0.198250 16.290000 2.825700 4.927356 0.000000 1863.000000 24.740000 1.935059
5 24 12 30 0.197000 16.270000 2.626700 4.927356 0.000000 1905.000000 25.139999 1.992852
5 24 13 0 0.196500 16.280000 2.262300 4.927356 0.000000 1842.000000 25.950001 2.089041
5 24 13 30 0.196000 16.300000 2.678200 4.927356 0.000000 1733.000000 26.180000 2.182995
5 24 14 0 0.195500 16.340000 2.313100 4.927356 0.000000 1675.000000 26.480000 2.230836
5 24 14 30 0.195000 16.380000 2.454300 4.927356 0.000000 1707.000000 26.840000 2.291378
5 24 15 0 0.194750 16.420000 3.447000 4.927356 0.000000 1582.000000 26.930000 2.294151
5 24 15 30 0.194500 16.480000 3.283200 4.927356 0.000000 1416.000000 27.059999 2.309413
5 24 16 0 0.194750 16.530000 2.907500 4.927356 0.000000 478.200010 25.980000 2.108572
5 24 16 30 0.194750 16.570000 2.410700 4.927356 0.000000 1015.000000 26.520000 2.107879
5 24 17 0 0.194750 16.610000 2.860100 4.927356 0.000000 905.000000 26.950001 2.242292
5 24 17 30 0.194500 16.650000 2.350900 4.927356 0.000000 379.799990 25.860001 2.009499
5 24 18 0 0.194500 16.680000 1.789700 4.927356 0.000000 386.899990 25.250000 1.834883
5 24 18 30 0.194750 16.710000 2.079000 4.927356 0.000000 125.200000 24.190001 1.623395
5 24 19 0 0.194750 16.730000 1.588200 4.927356 0.000000 62.610001 23.129999 1.457239
5 25 5 30 0.196750 16.690000 1.582600 4.936849 0.000000 12.010000 17.040001 0.444385
5 25 6 0 0.197250 16.680000 1.442700 4.936849 0.000000 71.599998 16.500000 0.344868
5 25 6 30 0.197250 16.660000 1.876200 4.936849 0.000000 293.899990 17.530001 0.407193
5 25 7 0 0.196500 16.650000 1.990200 4.936849 0.000000 415.600010 18.500000 0.494910
5 25 7 30 0.195500 16.630000 2.104600 4.936849 0.000000 701.000000 19.309999 0.568096
5 25 8 0 0.195250 16.620000 2.687900 4.936849 0.000000 952.000000 20.730000 0.778872
5 25 8 30 0.194000 16.600000 2.588400 4.936849 0.000000 845.000000 21.440001 0.898237
5 25 9 0 0.193500 16.600000 2.865300 4.936849 0.000000 783.000000 21.490000 0.892809
5 25 9 30 0.192500 16.600000 2.386100 4.936849 0.000000 761.000000 21.709999 0.842997
5 25 10 0 0.192250 16.600000 2.567900 4.936849 0.000000 1005.000000 22.610001 0.919708
5 25 10 30 0.191500 16.610000 2.321500 4.936849 0.000000 751.000000 22.959999 0.949941
5 25 11 0 0.190750 16.620000 2.821000 4.936849 0.000000 1073.000000 23.830000 1.111909
5 25 11 30 0.190000 16.630000 2.559100 4.936849 0.000000 1288.000000 24.760000 1.323290
5 25 12 0 0.189500 16.650000 2.060100 4.936849 0.000000 1280.000000 25.139999 1.404799
5 25 12 30 0.189000 16.670000 2.119200 4.936849 0.000000 1383.000000 25.459999 1.461528
5 25 13 0 0.188000 16.700000 1.956300 4.936849 0.000000 1381.000000 25.730000 1.541691
5 25 13 30 0.187500 16.740000 1.487600 4.936849 0.000000 872.000000 25.270000 1.508713
5 25 14 0 0.187500 16.770000 1.478900 4.936849 0.000000 1005.000000 25.420000 1.517849
5 25 14 30 0.187500 16.810000 1.565700 4.936849 0.000000 1091.000000 25.610001 1.538805
5 25 15 0 0.186500 16.840000 1.527700 4.936849 0.000000 1442.000000 26.400000 1.676545
5 25 15 30 0.186250 16.870000 1.470100 4.936849 0.000000 412.299990 25.230000 1.420137
5 25 16 0 0.188750 16.920000 1.714700 4.936849 2.100000 135.600010 19.680000 0.414893
5 25 16 30 0.191250 16.960000 0.581440 4.936849 0.000000 544.200010 19.090000 0.103313
5 25 17 0 0.190250 16.990000 0.748000 4.936849 0.000000 393.399990 20.950001 0.239732
5 25 17 30 0.189750 17.000000 0.700290 4.936849 0.000000 295.000000 21.280001 0.165457
5 25 18 0 0.189750 17.020000 0.416200 4.936849 0.000000 344.299990 21.870001 0.244185
5 25 18 30 0.189750 17.030000 0.193040 4.936849 0.000000 193.500000 21.950001 0.202439
5 25 19 0 0.190250 17.040000 1.228000 4.936849 0.000000 105.400000 20.840000 0.155547
5 26 5 30 0.225000 17.500000 0.869413 4.946324 0.500000 10.270000 15.310000 0.055155
5 26 6 0 0.224000 17.400000 0.708766 4.946324 0.500000 6.783000 15.350000 0.053135
5 26 6 30 0.245750 18.890000 1.366600 4.946324 1.400000 6.515000 15.310000 0.053417
5 26 7 0 0.256000 18.080000 0.485256 4.946324 0.900000 59.020000 15.360000 0.053065
5 26 7 30 0.253500 17.440000 1.023076 4.946324 0.800000 325.200010 15.890000 0.049271
5 26 8 0 0.253250 17.390000 0.821540 4.946324 0.700000 244.700000 16.330000 0.047890
5 26 8 30 0.260250 17.740000 0.907830 4.946324 0.900000 67.430000 16.330000 0.047890
5 26 9 0 0.262500 17.470000 0.366517 4.946324 0.700000 154.100010 16.510000 0.046564
5 26 9 30 0.263250 17.440000 0.527164 4.946324 0.800000 242.399990 16.670000 0.045375
5 26 10 0 0.265500 17.660000 0.443460 4.946324 0.900000 175.399990 16.799999 0.046312
5 26 10 30 0.268750 17.540000 0.338578 4.946324 1.000000 355.200010 17.100000 0.044073
5 26 11 0 0.269500 17.450000 0.631934 4.946324 0.800000 452.399990 17.410000 0.045693
5 26 11 30 0.269000 17.400000 1.529400 4.946324 0.700000 589.700010 17.799999 0.077395
5 26 12 0 0.269250 17.330000 1.688300 4.946324 0.300000 1005.000000 18.620001 0.143632
5 26 12 30 0.268500 17.330000 1.310500 4.946324 0.000000 1559.000000 20.080000 0.303814
5 26 13 0 0.267750 17.330000 0.978460 4.946324 0.000000 1557.000000 20.770000 0.525565
5 26 13 30 0.267000 17.330000 1.272900 4.946324 0.000000 1723.000000 21.600000 0.730151
5 26 14 0 0.266500 17.360000 1.014300 4.946324 0.000000 1456.000000 22.480000 0.902875
5 26 14 30 0.265750 17.390000 0.938420 4.946324 0.000000 1237.000000 22.400000 0.883042
5 26 15 0 0.265250 17.420000 1.190900 4.946324 0.000000 1419.000000 23.330000 1.169092
5 26 15 30 0.265250 17.440000 1.767600 4.946324 0.000000 1340.000000 23.049999 1.202616
5 26 16 0 0.265000 17.460000 1.065300 4.946324 0.000000 1423.000000 24.340000 1.415630
5 26 16 30 0.264500 17.480000 1.109300 4.946324 0.000000 735.000000 23.020000 1.198481
5 26 17 0 0.264000 17.500000 1.281800 4.946324 0.000000 922.000000 24.209999 1.467511
5 26 17 30 0.264000 17.520000 0.869560 4.946324 0.000000 710.000000 24.139999 1.447008
5 26 18 0 0.264000 17.540000 0.849560 4.946324 0.000000 502.399990 23.510000 1.307765
5 26 18 30 0.264000 17.550000 0.477540 4.946324 0.000000 296.500000 23.770000 1.212604
5 26 19 0 0.264000 17.570000 0.440200 4.946324 0.000000 125.400000 21.280001 0.572504
5 27 5 30 0.271500 16.950000 0.991720 4.955780 1.000000 32.939999 9.810000 0.086595
5 27 6 0 0.271750 16.910000 0.708940 4.955780 1.200000 141.399990 10.900000 0.078226
5 27 6 30 0.271500 16.870000 0.657810 4.955780 1.500000 301.100010 13.000000 0.064151
5 27 7 0 0.271500 16.830000 1.148700 4.955780 1.200000 484.700010 14.180000 0.096669
5 27 7 30 0.270250 16.800000 0.984700 4.955780 0.900000 670.000000 16.110001 0.230625
5 27 8 0 0.269750 16.780000 1.013800 4.955780 0.000000 886.000000 18.059999 0.492079
5 27 8 30 0.268000 16.760000 1.412500 4.955780 0.000000 925.000000 19.450001 0.738739
5 27 9 0 0.266750 16.750000 1.691300 4.955780 0.000000 1219.000000 21.200001 0.979578
5 27 9 30 0.265250 16.740000 2.276500 4.955780 0.000000 1411.000000 22.219999 1.180189
5 27 10 0 0.264000 16.730000 2.906400 4.955780 0.000000 1536.000000 22.820000 1.351807
5 27 10 30 0.262750 16.730000 2.633200 4.955780 0.000000 1656.000000 23.219999 1.387765
5 27 11 0 0.261250 16.730000 3.573600 4.955780 0.000000 1396.000000 23.610001 1.414307
5 27 11 30 0.260000 16.740000 3.028100 4.955780 0.000000 1724.000000 24.250000 1.479423
5 27 12 0 0.259250 16.770000 2.990000 4.955780 0.000000 1763.000000 25.139999 1.588366
5 27 12 30 0.257250 16.830000 2.704400 4.955780 0.000000 1361.000000 25.379999 1.661654
5 27 13 0 0.257250 16.860000 2.175000 4.955780 0.000000 1474.000000 25.639999 1.660639
5 27 13 30 0.256500 16.890000 2.863600 4.955780 0.000000 1732.000000 26.219999 1.746998
5 27 14 0 0.255500 16.930000 2.225000 4.955780 0.000000 1280.000000 26.010000 1.721402
5 27 14 30 0.255000 16.970000 2.271600 4.955780 0.000000 1440.000000 26.530001 1.868797
5 27 15 0 0.254000 17.010000 2.139400 4.955780 0.000000 1579.000000 27.139999 2.056858
5 27 15 30 0.253500 17.030000 1.586100 4.955780 0.000000 545.400020 26.139999 1.889260
5 27 16 0 0.254000 17.070000 1.757900 4.955780 0.000000 1098.000000 26.010000 1.827967
5 27 16 30 0.253250 17.110000 1.752400 4.955780 0.000000 1127.000000 27.230000 2.077357
5 27 17 0 0.252750 17.150000 1.483300 4.955780 0.000000 668.799990 26.490000 1.941901
5 27 17 30 0.253250 17.180000 1.450600 4.955780 0.000000 596.900020 26.219999 1.897100
5 27 18 0 0.253250 17.210000 1.225500 4.955780 0.000000 432.000000 26.180000 1.890290
5 27 18 30 0.253250 17.240000 0.951010 4.955780 0.000000 285.200010 25.820000 1.790725
5 27 19 0 0.253250 17.260000 0.807680 4.955780 0.000000 74.099998 23.459999 1.352237
5 28 5 30 0.255750 16.140000 1.194500 4.965214 0.000000 22.320000 15.030000 0.239757
5 28 6 0 0.255750 16.120000 1.029400 4.965214 0.000000 86.699997 14.260000 0.205166
5 28 6 30 0.255750 16.100000 0.835520 4.965214 0.000000 215.300000 14.510000 0.187694
5 28 7 0 0.255750 16.080000 0.595940 4.965214 0.000000 162.800000 15.490000 0.196340
5 28 7 30 0.254750 16.060000 0.815810 4.965214 0.000000 113.400000 15.610000 0.178878
5 28 8 0 0.254750 16.040000 1.205900 4.965214 0.000000 79.199997 15.360000 0.166417
5 28 8 30 0.255750 16.050000 0.980810 4.965214 0.000000 75.500000 14.590000 0.114803
5 28 9 0 0.257250 16.070000 1.347100 4.965214 0.000000 104.000000 14.440000 0.088970
5 28 9 30 0.260250 16.080000 0.832150 4.965214 0.100000 222.200000 14.690000 0.079415
5 28 10 0 0.261500 16.060000 0.698035 4.965214 0.100000 201.700000 15.270000 0.074504
5 28 10 30 0.261000 16.040000 0.752896 4.965214 3.600000 257.100010 15.480000 0.076819
5 28 11 0 0.260750 16.030000 1.425000 4.965214 0.600000 281.000000 16.010000 0.073848
5 28 11 30 0.261000 16.030000 1.502100 4.965214 0.200000 278.299990 16.190001 0.078336
5 28 12 0 0.261500 16.030000 2.039500 4.965214 0.100000 635.200010 16.610001 0.077932
5 28 12 30 0.261750 16.030000 2.159300 4.965214 0.000000 609.099980 17.139999 0.112140
5 28 13 0 0.261750 16.040000 1.844300 4.965214 0.000000 646.200010 17.511517 0.036940
5 28 13 30 0.261250 16.050000 1.733900 4.965214 0.000000 628.073970 17.870832 0.259238
5 28 14 0 0.261250 16.060000 1.779000 4.965214 0.000000 601.059200 18.237774 0.296752
5 28 14 30 0.261250 16.080000 0.671720 4.965214 0.000000 448.631900 18.277803 0.304255
5 28 15 0 0.261250 16.100000 0.948540 4.965214 0.000000 535.908870 18.367393 0.303317
5 28 15 30 0.261250 16.120000 1.194100 4.965214 0.000000 736.145690 19.020264 0.380221
5 28 16 0 0.261250 16.130000 0.874350 4.965214 0.000000 752.603520 19.503483 0.431803
5 28 16 30 0.261250 16.150000 0.982540 4.965214 0.000000 702.803040 19.936186 0.487137
5 28 17 0 0.261000 16.180000 1.031500 4.965214 0.000000 598.924560 20.181131 0.517148
5 28 17 30 0.261000 16.200000 1.081300 4.965214 0.000000 430.682400 20.004808 0.483385
5 28 18 0 0.261000 16.220000 1.571300 4.965214 0.000000 263.074130 19.690289 0.438368
5 28 18 30 0.261000 16.250000 1.148900 4.965214 0.000000 174.363660 19.405313 0.381159
5 28 19 0 0.261000 16.260000 1.032500 4.965214 0.000000 92.742897 18.970703 0.318323
5 29 5 30 0.262500 16.200000 1.210700 4.974628 0.000000 40.279587 17.212246 0.199215
5 29 6 0 0.262500 16.200000 1.146800 4.974628 0.000000 56.515560 17.132185 0.199215
5 29 6 30 0.262000 16.200000 1.194900 4.974628 0.000000 87.776711 17.212246 0.199215
5 29 7 0 0.262500 16.200000 0.438990 4.974628 0.200000 133.950870 17.392380 0.199215
5 29 7 30 0.262500 16.200000 1.896400 4.974628 0.000000 268.117490 17.850819 0.199215
5 29 8 0 0.261750 16.200000 1.264900 4.974628 0.000000 270.821410 18.129122 0.199215
5 29 8 30 0.261750 16.210000 0.478130 4.974628 0.000000 462.578520 18.545624 0.199215
5 29 9 0 0.262250 16.230000 2.137400 4.974628 2.300000 236.742320 18.505592 0.199215
5 29 9 30 0.266500 16.260000 3.214800 4.974628 0.400000 215.544950 17.392380 0.199215
5 29 10 0 0.267750 17.290000 2.366100 4.974628 0.000000 285.258580 17.092155 0.208593
5 29 10 30 0.268250 17.280000 1.154400 4.974628 0.000000 391.539640 17.273243 0.213283
5 29 11 0 0.268500 17.280000 1.376400 4.974628 0.000000 1030.957300 18.235868 0.271430
5 29 11 30 0.268000 17.280000 1.726600 4.974628 0.000000 1745.117700 20.332672 0.554662
5 29 12 0 0.267000 17.280000 1.947000 4.974628 0.000000 1817.419200 21.438261 0.762866
5 29 12 30 0.266000 17.280000 2.224600 4.974628 0.000000 1917.787800 22.391356 0.948561
5 29 13 0 0.265250 17.300000 2.302900 4.974628 0.000000 1893.968300 23.001333 1.204596
5 29 13 30 0.265250 17.320000 2.774900 4.974628 0.000000 1614.569800 23.639908 1.392167
5 29 14 0 0.263500 17.340000 2.591100 4.974628 0.000000 1634.924200 24.011614 1.572235
5 29 14 30 0.263000 17.420000 2.559900 4.974628 0.000000 1467.677000 24.478628 1.681965
5 29 15 0 0.263000 17.460000 2.661600 4.974628 0.000000 1344.947100 24.278481 1.582552
5 29 15 30 0.262250 17.500000 2.763900 4.974628 0.000000 1393.905300 24.993299 1.787942
5 29 16 0 0.262000 17.530000 2.077400 4.974628 0.000000 1217.067500 25.955923 1.959570
5 29 16 30 0.262000 17.560000 2.201500 4.974628 0.000000 1021.410400 25.031424 1.770123
5 29 17 0 0.261750 17.600000 2.158300 4.974628 0.000000 868.343380 24.373789 1.685716
5 29 17 30 0.261250 17.630000 1.742200 4.974628 0.000000 627.458800 23.973490 1.535659
5 29 18 0 0.261250 17.660000 1.148200 4.974628 0.000000 455.319550 23.334917 1.219602
5 29 18 30 0.261250 17.680000 0.724720 4.974628 0.000000 294.793700 22.553381 0.853838
5 29 19 0 0.262000 17.700000 0.617250 4.974628 0.000000 153.882050 21.266705 0.592176
5 30 3 30 0.266250 17.340000 0.409320 4.984019 0.000000 35.831413 12.364812 0.199215
5 30 4 0 0.266250 17.310000 0.335960 4.984019 0.000000 35.831413 12.069353 0.199215
5 30 4 30 0.267000 17.260000 0.366120 4.984019 0.000000 35.831413 11.831080 0.199215
5 30 5 0 0.267000 17.230000 0.870010 4.984019 0.000000 36.864246 11.812018 0.199215
5 30 5 30 0.267000 17.210000 1.038200 4.984019 0.000000 63.891224 12.174194 0.199215
5 30 6 0 0.267000 17.160000 0.829540 4.984019 0.000000 146.717770 12.726988 0.199215
5 30 6 30 0.266750 17.140000 0.771450 4.984019 0.000000 289.456270 13.613365 0.199215
5 30 7 0 0.266750 17.110000 0.846650 4.984019 0.000000 411.328000 15.195500 0.199215
5 30 7 30 0.266000 17.070000 1.497500 4.984019 0.000000 452.674770 16.262964 0.209531
5 30 8 0 0.265250 17.050000 1.581700 4.984019 0.000000 760.753970 18.559919 0.546221
5 30 8 30 0.264000 17.030000 1.914500 4.984019 0.000000 992.812990 20.904530 0.924177
5 30 9 0 0.262500 17.000000 1.350200 4.984019 0.000000 1236.769400 23.020395 1.221477
5 30 9 30 0.261000 16.980000 2.030300 4.984019 0.000000 1361.724200 24.097391 1.507523
5 30 10 0 0.260000 16.980000 2.131800 4.984019 0.000000 1507.746200 24.192701 1.545038
5 30 10 30 0.258000 16.980000 2.150100 4.984019 0.000000 1649.128100 24.907520 1.704473
5 30 11 0 0.257000 16.990000 2.311600 4.984019 0.000000 1730.271200 25.307819 1.818891
5 30 11 30 0.255750 17.000000 1.967000 4.984019 0.000000 1817.164900 25.631872 1.951129
5 30 12 0 0.254500 17.020000 2.079600 4.984019 0.000000 1869.230800 25.793898 2.037412
5 30 12 30 0.254000 17.030000 1.784900 4.984019 0.000000 1695.431800 25.889208 1.991457
5 30 13 0 0.253000 17.070000 1.822600 4.984019 0.000000 1718.732900 26.260914 2.042101
5 30 13 30 0.252500 17.110000 1.856100 4.984019 0.000000 1874.114300 26.442001 2.074926
5 30 14 0 0.251500 17.140000 1.788600 4.984019 0.000000 1633.160500 26.985266 2.190282
5 30 14 30 0.250500 17.170000 1.832300 4.984019 0.000000 1685.040500 26.880424 2.248429
5 30 15 0 0.250500 17.210000 1.492400 4.984019 0.000000 1264.702600 26.966204 2.257808
5 30 15 30 0.250000 17.250000 1.383100 4.984019 0.000000 1321.424900 27.061512 2.194034
5 30 16 0 0.249500 17.290000 1.876700 4.984019 0.000000 1201.834700 27.966951 2.422870
5 30 16 30 0.249000 17.320000 1.711900 4.984019 0.000000 956.901610 27.223537 2.330961
5 30 17 0 0.248750 17.350000 1.319800 4.984019 0.000000 716.844790 26.203728 2.027095
5 30 17 30 0.248750 17.370000 1.064000 4.984019 0.000000 630.008000 25.955923 1.821705
5 30 18 0 0.248750 17.390000 1.132600 4.984019 0.000000 340.006470 25.069548 1.754179
5 30 18 30 0.248750 17.410000 0.316330 4.984019 0.000000 261.335360 23.840057 1.139884
5 30 19 0 0.248750 17.420000 0.461150 4.984019 0.000000 134.896990 22.448540 0.785375
5 31 5 30 0.253250 17.230000 1.139000 5.003365 0.000000 63.685837 13.565710 0.371780
5 31 6 0 0.253250 17.200000 0.977770 5.003365 0.000000 126.335750 14.299592 0.403667
5 31 6 30 0.252750 17.180000 0.662950 5.003365 0.000000 162.431270 14.766608 0.397102
5 31 7 0 0.251500 17.150000 0.978900 5.003365 0.000000 499.069180 15.700639 0.504956
5 31 7 30 0.251000 17.120000 1.646700 5.003365 0.000000 529.559270 16.930130 0.634380
5 31 8 0 0.250000 17.090000 1.550900 5.003365 0.000000 881.641050 17.749790 0.711284
5 31 8 30 0.249500 16.610000 2.180900 5.003365 0.000000 1027.067700 18.922094 0.934494
5 31 9 0 0.248250 16.530000 2.302400 5.003365 0.000000 1206.586200 19.989559 1.094867
5 31 9 30 0.247750 16.770000 1.900400 5.003365 0.000000 1261.825000 20.618601 1.172709
5 31 10 0 0.247250 16.880000 1.930500 5.003365 0.000000 1504.986800 21.199987 1.233670
5 31 10 30 0.245500 16.860000 1.797800 5.003365 0.000000 1616.045200 21.771845 1.273997
5 31 11 0 0.244500 16.450000 1.544500 5.003365 0.000000 1753.059900 22.591503 1.421241
5 31 11 30 0.243750 16.460000 1.652700 5.003365 0.000000 1807.221800 22.848841 1.473761
5 31 12 0 0.242500 16.470000 1.748900 5.003365 0.000000 1792.663700 23.020395 1.477512
5 31 12 30 0.241500 16.480000 1.296900 5.003365 0.000000 1664.749000 23.201485 1.496269
5 31 13 0 0.241250 16.510000 1.697300 5.003365 0.000000 1842.259500 23.153830 1.497207
5 31 13 30 0.240750 16.530000 1.641900 5.003365 0.000000 1627.242300 23.773340 1.593806
5 31 14 0 0.239750 16.540000 1.360300 5.003365 0.000000 1172.495200 23.554129 1.568484
5 31 14 30 0.239500 16.800000 1.200100 5.003365 0.000000 758.191830 22.982273 1.369659
5 31 15 0 0.239500 16.990000 1.091600 5.003365 0.000000 740.562740 23.134768 1.377161
5 31 15 30 0.239500 17.010000 1.366500 5.003365 0.000000 515.516720 22.467602 1.222415
5 31 16 0 0.239500 17.040000 1.175100 5.003365 0.000000 404.554020 21.924339 1.011398
5 31 16 30 0.239500 17.060000 1.469200 5.003365 0.000000 388.469760 21.533571 1.047974
5 31 17 0 0.239500 17.070000 1.410000 5.003365 0.000000 162.257810 20.628132 0.832267
5 31 17 30 0.239500 17.090000 1.529000 5.003365 0.000000 164.629170 19.818003 0.765680
5 31 18 0 0.239750 17.110000 1.383500 5.003365 0.000000 258.496190 19.989559 0.804132
5 31 18 30 0.239250 17.120000 1.007700 5.003365 0.000000 207.351270 20.103931 0.820075
5 31 19 0 0.239250 17.120000 0.943550 5.003365 0.000000 96.748016 19.370049 0.713160
